0.0,24.0,0.0
p,1,-160.0,0.0,-96.0,160.0,0.0,-96.0,160.0,32.0,-96.0,-160.0,0.0,160.0,0.0,160.0,32.0,1,0
p,1,160.0,32.0,-96.0,-160.0,32.0,-96.0,-160.0,0.0,-96.0,160.0,32.0,-160.0,32.0,-160.0,0.0,1,0
p,1,-160.0,0.0,-96.0,-160.0,32.0,-96.0,-160.0,32.0,256.0,111.0,0.0,111.0,32.0,-241.0,32.0,1,0
p,1,-160.0,32.0,256.0,-160.0,0.0,256.0,-160.0,0.0,-96.0,-241.0,32.0,-241.0,0.0,111.0,0.0,1,0
p,1,160.0,0.0,-96.0,160.0,0.0,256.0,160.0,32.0,256.0,-96.0,0.0,256.0,0.0,256.0,32.0,1,0
p,1,160.0,32.0,256.0,160.0,32.0,-96.0,160.0,0.0,-96.0,256.0,32.0,-96.0,32.0,-96.0,0.0,1,0
p,1,160.0,0.0,256.0,-160.0,0.0,256.0,-160.0,32.0,256.0,-145.0,0.0,175.0,0.0,175.0,32.0,1,0
p,1,-160.0,32.0,256.0,160.0,32.0,256.0,160.0,0.0,256.0,175.0,32.0,-145.0,32.0,-145.0,0.0,1,0
p,0,-224.0,0.0,-288.0,224.0,0.0,-288.0,224.0,0.0,-96.0,-224.0,-288.0,224.0,-288.0,224.0,-96.0,0,0
p,0,224.0,0.0,-96.0,-224.0,0.0,-96.0,-224.0,0.0,-288.0,224.0,-96.0,-224.0,-96.0,-224.0,-288.0,0,0
p,0,-224.0,0.0,-96.0,-160.0,0.0,-96.0,-160.0,0.0,256.0,-224.0,-96.0,-160.0,-96.0,-160.0,256.0,0,0
p,0,-160.0,0.0,256.0,-224.0,0.0,256.0,-224.0,0.0,-96.0,-160.0,256.0,-224.0,256.0,-224.0,-96.0,0,0
p,0,-224.0,0.0,256.0,224.0,0.0,256.0,224.0,0.0,672.0,-224.0,256.0,224.0,256.0,224.0,672.0,0,0
p,0,224.0,0.0,672.0,-224.0,0.0,672.0,-224.0,0.0,256.0,224.0,672.0,-224.0,672.0,-224.0,256.0,0,0
p,0,160.0,0.0,-96.0,224.0,0.0,-96.0,224.0,0.0,256.0,160.0,-96.0,224.0,-96.0,224.0,256.0,0,0
p,0,224.0,0.0,256.0,160.0,0.0,256.0,160.0,0.0,-96.0,224.0,256.0,160.0,256.0,160.0,-96.0,0,0
p,2,-160.0,32.0,-96.0,160.0,32.0,-96.0,160.0,32.0,256.0,-160.0,-96.0,160.0,-96.0,160.0,256.0,2,0
p,2,160.0,32.0,256.0,-160.0,32.0,256.0,-160.0,32.0,-96.0,160.0,256.0,-160.0,256.0,-160.0,-96.0,2,0
p,2,-128.0,0.0,-96.0,-128.0,0.0,256.0,160.0,0.0,256.0,-144.0,-96.0,-144.0,256.0,160.0,256.0,2,0
p,2,160.0,0.0,256.0,160.0,0.0,-96.0,-128.0,0.0,-96.0,160.0,256.0,160.0,-96.0,-144.0,-96.0,2,0
p,3,-128.0,-8.0,-40.0,-144.0,-8.0,-40.0,-144.0,24.0,-80.0,-144.0,-40.0,-160.0,-40.0,-160.0,-80.0,3,0
p,3,-144.0,24.0,-80.0,-128.0,24.0,-80.0,-128.0,-8.0,-40.0,-160.0,-80.0,-144.0,-80.0,-144.0,-40.0,3,0
p,3,-144.0,24.0,-80.0,-144.0,24.0,-96.0,-128.0,24.0,-96.0,-160.0,-80.0,-160.0,-96.0,-144.0,-96.0,3,0
p,3,-128.0,24.0,-96.0,-128.0,24.0,-80.0,-144.0,24.0,-80.0,-144.0,-96.0,-144.0,-80.0,-160.0,-80.0,3,0
p,3,-128.0,24.0,-80.0,-128.0,24.0,-96.0,-112.0,32.0,-96.0,-144.0,-80.0,-144.0,-96.0,-136.0,-96.0,3,0
p,3,-112.0,32.0,-96.0,-112.0,32.0,-80.0,-128.0,24.0,-80.0,-136.0,-96.0,-136.0,-80.0,-144.0,-80.0,3,0
p,3,-128.0,24.0,-80.0,-112.0,32.0,-80.0,-128.0,32.0,-80.0,-144.0,24.0,-136.0,32.0,-144.0,32.0,3,0
p,3,-128.0,32.0,-80.0,-128.0,32.0,-40.0,-128.0,-8.0,-40.0,95.0,32.0,55.0,32.0,55.0,-8.0,3,0
p,3,-128.0,-8.0,-40.0,-128.0,24.0,-80.0,-128.0,32.0,-80.0,55.0,-8.0,95.0,24.0,95.0,32.0,3,0
p,3,-160.0,0.0,-40.0,-128.0,0.0,-40.0,-128.0,32.0,-40.0,-160.0,0.0,-144.0,0.0,-144.0,32.0,3,0
p,3,-128.0,32.0,-40.0,-160.0,32.0,-40.0,-160.0,0.0,-40.0,-144.0,32.0,-160.0,32.0,-160.0,0.0,3,0
p,2,-160.0,0.0,-40.0,-160.0,0.0,256.0,-128.0,0.0,256.0,-160.0,-40.0,-160.0,256.0,-144.0,256.0,2,0
p,2,-128.0,0.0,256.0,-128.0,0.0,-40.0,-160.0,0.0,-40.0,-144.0,256.0,-144.0,-40.0,-160.0,-40.0,2,0
p,4,-128.0,-8.0,-40.0,-128.0,-8.0,-88.0,-32.0,-8.0,-88.0,-128.0,-40.0,-128.0,-104.0,-32.0,-104.0,4,0
p,4,-32.0,-8.0,-88.0,-32.0,-8.0,-40.0,-128.0,-8.0,-40.0,-32.0,-104.0,-32.0,-40.0,-128.0,-40.0,4,0
p,2,-120.0,-16.0,-40.0,-112.0,-16.0,-40.0,-120.0,-8.0,-40.0,-120.0,-16.0,-112.0,-16.0,-120.0,-8.0,2,0
p,2,-120.0,-8.0,-40.0,-112.0,-16.0,-40.0,-112.0,-8.0,-40.0,-120.0,-8.0,-112.0,-16.0,-112.0,-8.0,2,0
p,2,-112.0,-16.0,-40.0,-112.0,-16.0,-76.0,-112.0,-8.0,-76.0,55.0,-16.0,99.0,-16.0,99.0,-8.0,2,0
p,2,-112.0,-8.0,-76.0,-112.0,-8.0,-40.0,-112.0,-16.0,-40.0,99.0,-8.0,55.0,-8.0,55.0,-16.0,2,0
p,2,-112.0,-16.0,-40.0,-120.0,-16.0,-88.0,-112.0,-16.0,-76.0,-112.0,-40.0,-120.0,-96.0,-112.0,-84.0,2,0
p,2,-120.0,-16.0,-88.0,-112.0,-16.0,-40.0,-120.0,-16.0,-40.0,-120.0,-96.0,-112.0,-40.0,-120.0,-40.0,2,0
p,2,-120.0,-16.0,-88.0,-40.0,-16.0,-88.0,-48.0,-16.0,-76.0,-120.0,-96.0,-40.0,-96.0,-48.0,-84.0,2,0
p,2,-48.0,-16.0,-76.0,-112.0,-16.0,-76.0,-120.0,-16.0,-88.0,-48.0,-84.0,-112.0,-84.0,-120.0,-96.0,2,0
p,2,-112.0,-16.0,-76.0,-48.0,-16.0,-76.0,-48.0,-8.0,-76.0,-112.0,-16.0,-48.0,-16.0,-48.0,-8.0,2,0
p,2,-48.0,-8.0,-76.0,-112.0,-8.0,-76.0,-112.0,-16.0,-76.0,-48.0,-8.0,-112.0,-8.0,-112.0,-16.0,2,0
p,2,-40.0,-16.0,-88.0,-32.0,-16.0,-24.0,-48.0,-16.0,-24.0,-40.0,-96.0,-32.0,-24.0,-48.0,-24.0,2,0
p,2,-48.0,-16.0,-24.0,-48.0,-16.0,-76.0,-40.0,-16.0,-88.0,-48.0,-24.0,-48.0,-84.0,-40.0,-96.0,2,0
p,2,-40.0,-16.0,-88.0,-32.0,-8.0,-96.0,-32.0,-16.0,-24.0,-40.0,-96.0,-32.0,-96.0,-32.0,-24.0,2,0
p,2,-48.0,-16.0,-76.0,-48.0,-16.0,-24.0,-48.0,-8.0,-24.0,-84.0,-16.0,-24.0,-16.0,-24.0,-8.0,2,0
p,2,-48.0,-8.0,-24.0,-48.0,-8.0,-76.0,-48.0,-16.0,-76.0,-24.0,-8.0,-84.0,-8.0,-84.0,-16.0,2,0
p,2,-48.0,-16.0,-24.0,-32.0,-16.0,-24.0,-32.0,-8.0,-24.0,-48.0,-16.0,-32.0,-16.0,-32.0,-8.0,2,0
p,2,-32.0,-8.0,-24.0,-48.0,-8.0,-24.0,-48.0,-16.0,-24.0,-32.0,-8.0,-48.0,-8.0,-48.0,-16.0,2,0
p,8,-120.0,-32.0,-88.0,152.0,-32.0,-96.0,152.0,-8.0,-96.0,-120.0,-32.0,152.0,-32.0,152.0,-8.0,8,0
p,8,152.0,-8.0,-96.0,-120.0,-8.0,-88.0,-120.0,-32.0,-88.0,152.0,-8.0,-120.0,-8.0,-120.0,-32.0,8,0
p,8,-120.0,-32.0,-88.0,-120.0,-8.0,-88.0,-120.0,-8.0,-24.0,111.0,-32.0,111.0,-8.0,39.0,-8.0,8,0
p,8,-120.0,-8.0,-24.0,-120.0,-32.0,-24.0,-120.0,-32.0,-88.0,39.0,-8.0,39.0,-32.0,111.0,-32.0,8,0
p,8,-128.0,-32.0,-24.0,-120.0,-32.0,-24.0,-120.0,-8.0,-24.0,-128.0,-32.0,-120.0,-32.0,-120.0,-8.0,8,0
p,8,-120.0,-8.0,-24.0,-128.0,-8.0,-24.0,-128.0,-32.0,-24.0,-120.0,-8.0,-128.0,-8.0,-128.0,-32.0,8,0
p,8,-128.0,-32.0,-64.0,-128.0,-32.0,-24.0,-128.0,-8.0,-24.0,-64.0,-32.0,-24.0,-32.0,-24.0,-8.0,8,0
p,8,-128.0,-8.0,-24.0,-128.0,-8.0,-64.0,-128.0,-32.0,-64.0,-24.0,-8.0,-64.0,-8.0,-64.0,-32.0,8,0
p,8,-144.0,-32.0,-64.0,-128.0,-32.0,-64.0,-128.0,-8.0,-64.0,-144.0,-32.0,-128.0,-32.0,-128.0,-8.0,8,0
p,8,-144.0,-32.0,-64.0,-128.0,-8.0,-64.0,-144.0,-8.0,-64.0,-144.0,-32.0,-128.0,-8.0,-144.0,-8.0,8,0
p,8,-144.0,-32.0,-64.0,-144.0,-8.0,-64.0,-144.0,-8.0,-40.0,79.0,-32.0,79.0,-8.0,55.0,-8.0,8,0
p,8,-144.0,-8.0,-40.0,-144.0,-32.0,-40.0,-144.0,-32.0,-64.0,55.0,-8.0,55.0,-32.0,79.0,-32.0,8,0
p,8,-152.0,-32.0,-40.0,-144.0,-32.0,-40.0,-144.0,-8.0,-40.0,-152.0,-32.0,-144.0,-32.0,-144.0,-8.0,8,0
p,8,-144.0,-8.0,-40.0,-152.0,-8.0,-40.0,-152.0,-32.0,-40.0,-144.0,-8.0,-152.0,-8.0,-152.0,-32.0,8,0
p,8,-40.0,-32.0,-88.0,-40.0,-32.0,-40.0,-40.0,-16.0,-40.0,-96.0,-32.0,-40.0,-32.0,-40.0,-16.0,8,0
p,8,-40.0,-16.0,-40.0,-40.0,-16.0,-88.0,-40.0,-32.0,-88.0,-40.0,-16.0,-96.0,-16.0,-96.0,-32.0,8,0
p,8,-40.0,-32.0,-40.0,-32.0,-32.0,-40.0,-32.0,-16.0,-40.0,-40.0,-32.0,-32.0,-32.0,-32.0,-16.0,8,0
p,8,-32.0,-16.0,-40.0,-40.0,-16.0,-40.0,-40.0,-32.0,-40.0,-32.0,-16.0,-40.0,-16.0,-40.0,-32.0,8,0
p,8,-32.0,-32.0,-40.0,-32.0,-32.0,-96.0,-32.0,-8.0,-96.0,55.0,-32.0,111.0,-32.0,111.0,-8.0,8,0
p,8,-32.0,-8.0,-96.0,-32.0,-8.0,-40.0,-32.0,-32.0,-40.0,111.0,-8.0,55.0,-8.0,55.0,-32.0,8,0
p,2,-32.0,-16.0,-40.0,-32.0,-8.0,-40.0,-32.0,-8.0,-24.0,55.0,-16.0,55.0,-8.0,39.0,-8.0,2,0
p,2,-32.0,-8.0,-24.0,-32.0,-16.0,-24.0,-32.0,-16.0,-40.0,39.0,-8.0,39.0,-16.0,55.0,-16.0,2,0
p,8,-128.0,-8.0,8.0,-120.0,-8.0,8.0,-120.0,-32.0,8.0,143.0,-8.0,135.0,-8.0,135.0,-32.0,8,0
p,8,-120.0,-32.0,24.0,-120.0,-32.0,8.0,-120.0,-8.0,8.0,-9.0,-32.0,7.0,-32.0,7.0,-8.0,8,0
p,8,-120.0,-8.0,8.0,-120.0,-8.0,24.0,-120.0,-32.0,24.0,7.0,-8.0,-9.0,-8.0,-9.0,-32.0,8,0
p,8,-128.0,-32.0,8.0,-128.0,-32.0,16.0,-128.0,-8.0,16.0,8.0,-32.0,16.0,-32.0,16.0,-8.0,8,0
p,8,-128.0,-8.0,16.0,-128.0,-8.0,8.0,-128.0,-32.0,8.0,16.0,-8.0,8.0,-8.0,8.0,-32.0,8,0
p,8,-128.0,-32.0,16.0,-152.0,-32.0,16.0,-128.0,-8.0,16.0,143.0,-32.0,167.0,-32.0,143.0,-8.0,8,0
p,8,-128.0,-8.0,16.0,-152.0,-32.0,16.0,-152.0,-8.0,16.0,143.0,-8.0,167.0,-32.0,167.0,-8.0,8,0
p,8,-152.0,-32.0,16.0,-152.0,-32.0,-4.0,-152.0,-8.0,-4.0,-1.0,-32.0,19.0,-32.0,19.0,-8.0,8,0
p,8,-152.0,-8.0,-4.0,-152.0,-8.0,16.0,-152.0,-32.0,16.0,19.0,-8.0,-1.0,-8.0,-1.0,-32.0,8,0
p,8,-152.0,-32.0,-20.0,-152.0,-32.0,-40.0,-152.0,-8.0,-40.0,35.0,-32.0,55.0,-32.0,55.0,-8.0,8,0
p,8,-152.0,-8.0,-40.0,-152.0,-8.0,-20.0,-152.0,-32.0,-20.0,55.0,-8.0,35.0,-8.0,35.0,-32.0,8,0
p,8,-152.0,-24.0,-20.0,-152.0,-24.0,-4.0,-152.0,-32.0,-4.0,35.0,-24.0,19.0,-24.0,19.0,-32.0,8,0
p,8,-152.0,-32.0,-4.0,-152.0,-32.0,-20.0,-152.0,-24.0,-20.0,19.0,-32.0,35.0,-32.0,35.0,-24.0,8,0
p,4,-152.0,-8.0,-40.0,-32.0,-8.0,24.0,-152.0,-8.0,24.0,-152.0,-40.0,-32.0,24.0,-152.0,24.0,4,0
p,3,-152.0,-8.0,-20.0,-152.0,-8.0,-4.0,-160.0,-8.0,-4.0,-152.0,-20.0,-152.0,-4.0,-160.0,-4.0,3,0
p,3,-160.0,-8.0,-4.0,-160.0,-8.0,-20.0,-152.0,-8.0,-20.0,-160.0,-4.0,-160.0,-20.0,-152.0,-20.0,3,0
p,3,-160.0,-8.0,-32.0,-160.0,-8.0,8.0,-176.0,-8.0,8.0,-160.0,-32.0,-160.0,8.0,-176.0,8.0,3,0
p,3,-176.0,-8.0,8.0,-176.0,-8.0,-32.0,-160.0,-8.0,-32.0,-176.0,8.0,-176.0,-32.0,-160.0,-32.0,3,0
p,3,-176.0,-8.0,-20.0,-176.0,-8.0,-4.0,-192.0,0.0,-4.0,-176.0,-20.0,-176.0,-4.0,-192.0,-4.0,3,0
p,3,-192.0,0.0,-4.0,-192.0,0.0,-20.0,-176.0,-8.0,-20.0,-192.0,-4.0,-192.0,-20.0,-176.0,-20.0,3,0
p,3,-176.0,-8.0,-4.0,-176.0,-8.0,8.0,-176.0,0.0,8.0,-4.0,-8.0,8.0,-8.0,8.0,0.0,3,0
p,3,-176.0,0.0,8.0,-176.0,0.0,-4.0,-176.0,-8.0,-4.0,8.0,0.0,-4.0,0.0,-4.0,-8.0,3,0
p,3,-176.0,-8.0,-4.0,-176.0,0.0,-4.0,-192.0,0.0,-4.0,-176.0,-8.0,-176.0,0.0,-192.0,0.0,3,0
p,3,-176.0,-8.0,8.0,-160.0,-8.0,8.0,-160.0,0.0,8.0,-176.0,-8.0,-160.0,-8.0,-160.0,0.0,3,0
p,3,-160.0,0.0,8.0,-176.0,0.0,8.0,-176.0,-8.0,8.0,-160.0,0.0,-176.0,0.0,-176.0,-8.0,3,0
p,3,-176.0,-8.0,-32.0,-176.0,-8.0,-20.0,-176.0,0.0,-20.0,-32.0,-8.0,-20.0,-8.0,-20.0,0.0,3,0
p,3,-176.0,0.0,-20.0,-176.0,0.0,-32.0,-176.0,-8.0,-32.0,-20.0,0.0,-32.0,0.0,-32.0,-8.0,3,0
p,3,-160.0,-8.0,-32.0,-176.0,-8.0,-32.0,-176.0,0.0,-32.0,175.0,-8.0,191.0,-8.0,191.0,0.0,3,0
p,3,-176.0,0.0,-32.0,-160.0,0.0,-32.0,-160.0,-8.0,-32.0,191.0,0.0,175.0,0.0,175.0,-8.0,3,0
p,3,-176.0,-8.0,-20.0,-192.0,0.0,-20.0,-176.0,0.0,-20.0,191.0,-8.0,207.0,0.0,191.0,0.0,3,0
p,8,-152.0,-24.0,-4.0,-160.0,-24.0,-4.0,-160.0,-8.0,-4.0,167.0,-24.0,175.0,-24.0,175.0,-8.0,8,0
p,8,-160.0,-8.0,-4.0,-152.0,-8.0,-4.0,-152.0,-24.0,-4.0,175.0,-8.0,167.0,-8.0,167.0,-24.0,8,0
p,8,-152.0,-24.0,-20.0,-152.0,-8.0,-20.0,-160.0,-8.0,-20.0,-152.0,-24.0,-152.0,-8.0,-160.0,-8.0,8,0
p,8,-160.0,-8.0,-20.0,-160.0,-24.0,-20.0,-152.0,-24.0,-20.0,-160.0,-8.0,-160.0,-24.0,-152.0,-24.0,8,0
p,8,-152.0,-24.0,-20.0,-160.0,-24.0,-4.0,-152.0,-24.0,-4.0,-152.0,-20.0,-160.0,-4.0,-152.0,-4.0,8,0
p,8,-160.0,-24.0,-4.0,-152.0,-24.0,-20.0,-160.0,-24.0,-20.0,-160.0,-4.0,-152.0,-20.0,-160.0,-20.0,8,0
p,4,-152.0,-8.0,-40.0,-32.0,-8.0,-40.0,-32.0,-8.0,24.0,-152.0,-40.0,-32.0,-40.0,-32.0,24.0,4,0
p,8,-120.0,-32.0,24.0,-120.0,-8.0,24.0,-88.0,-8.0,24.0,135.0,-32.0,135.0,-8.0,103.0,-8.0,8,0
p,8,-88.0,-8.0,24.0,-88.0,-32.0,24.0,-120.0,-32.0,24.0,103.0,-8.0,103.0,-32.0,135.0,-32.0,8,0
p,8,-88.0,-32.0,24.0,-88.0,-24.0,24.0,-72.0,-24.0,24.0,103.0,-32.0,103.0,-24.0,87.0,-24.0,8,0
p,8,-72.0,-24.0,24.0,-72.0,-32.0,24.0,-88.0,-32.0,24.0,87.0,-24.0,87.0,-32.0,103.0,-32.0,8,0
p,8,-72.0,-32.0,24.0,-72.0,-8.0,24.0,64.0,-8.0,24.0,87.0,-32.0,87.0,-8.0,-49.0,-8.0,8,0
p,8,80.0,-32.0,24.0,80.0,-8.0,24.0,152.0,-8.0,24.0,-65.0,-32.0,-65.0,-8.0,-137.0,-8.0,8,0
p,8,152.0,-8.0,24.0,152.0,-32.0,24.0,80.0,-32.0,24.0,-137.0,-8.0,-137.0,-32.0,-65.0,-32.0,8,0
p,8,152.0,-32.0,24.0,152.0,-8.0,24.0,152.0,-8.0,-96.0,24.0,-32.0,24.0,-8.0,-96.0,-8.0,8,0
p,8,152.0,-8.0,-96.0,152.0,-32.0,-96.0,152.0,-32.0,24.0,-96.0,-8.0,-96.0,-32.0,24.0,-32.0,8,0
p,8,-88.0,-8.0,24.0,-72.0,-8.0,24.0,-72.0,-8.0,32.0,-88.0,24.0,-72.0,24.0,-72.0,32.0,8,0
p,8,-72.0,-8.0,32.0,-88.0,-8.0,32.0,-88.0,-8.0,24.0,-72.0,32.0,-88.0,32.0,-88.0,24.0,8,0
p,8,-88.0,-8.0,24.0,-88.0,-8.0,32.0,-88.0,-24.0,32.0,-9.0,-8.0,-17.0,-8.0,-17.0,-24.0,8,0
p,8,-88.0,-24.0,32.0,-88.0,-24.0,24.0,-88.0,-8.0,24.0,-17.0,-24.0,-9.0,-24.0,-9.0,-8.0,8,0
p,8,-72.0,-24.0,24.0,-72.0,-24.0,32.0,-72.0,-8.0,32.0,24.0,-24.0,32.0,-24.0,32.0,-8.0,8,0
p,8,-72.0,-8.0,32.0,-72.0,-8.0,24.0,-72.0,-24.0,24.0,32.0,-8.0,24.0,-8.0,24.0,-24.0,8,0
p,8,-72.0,-24.0,24.0,-88.0,-24.0,24.0,-88.0,-24.0,32.0,-72.0,24.0,-88.0,24.0,-88.0,32.0,8,0
p,8,-88.0,-24.0,32.0,-72.0,-24.0,32.0,-72.0,-24.0,24.0,-88.0,32.0,-72.0,32.0,-72.0,24.0,8,0
p,8,80.0,-24.0,24.0,80.0,-24.0,32.0,80.0,-8.0,32.0,24.0,-24.0,32.0,-24.0,32.0,-8.0,8,0
p,8,80.0,-8.0,32.0,80.0,-8.0,24.0,80.0,-24.0,24.0,32.0,-8.0,24.0,-8.0,24.0,-24.0,8,0
p,3,-32.0,-8.0,-96.0,152.0,-8.0,-96.0,152.0,-8.0,248.0,-32.0,-96.0,152.0,-96.0,152.0,248.0,3,0
p,3,152.0,-8.0,248.0,-32.0,-8.0,248.0,-32.0,-8.0,-96.0,152.0,248.0,-32.0,248.0,-32.0,-96.0,3,0
p,10,-72.0,-32.0,32.0,-40.0,-32.0,32.0,-40.0,-8.0,32.0,-72.0,-32.0,-40.0,-32.0,-40.0,-8.0,10,0
p,10,-72.0,-32.0,32.0,-40.0,-8.0,32.0,-72.0,-8.0,32.0,-72.0,-32.0,-40.0,-8.0,-72.0,-8.0,10,0
p,10,-88.0,-32.0,32.0,-72.0,-32.0,32.0,-72.0,-24.0,32.0,-88.0,-32.0,-72.0,-32.0,-72.0,-24.0,10,0
p,10,-72.0,-24.0,32.0,-88.0,-24.0,32.0,-88.0,-32.0,32.0,-72.0,-24.0,-88.0,-24.0,-88.0,-32.0,10,0
p,10,-88.0,-32.0,32.0,-88.0,-8.0,32.0,-152.0,-8.0,32.0,-88.0,-32.0,-88.0,-8.0,-152.0,-8.0,10,0
p,10,-152.0,-8.0,32.0,-152.0,-32.0,32.0,-88.0,-32.0,32.0,-152.0,-8.0,-152.0,-32.0,-88.0,-32.0,10,0
p,10,-152.0,-32.0,32.0,-152.0,-8.0,32.0,-152.0,-8.0,248.0,-17.0,-32.0,-17.0,-8.0,-233.0,-8.0,10,0
p,10,-152.0,-8.0,248.0,-152.0,-32.0,248.0,-152.0,-32.0,32.0,-233.0,-8.0,-233.0,-32.0,-17.0,-32.0,10,0
p,10,-152.0,-32.0,248.0,-152.0,-8.0,248.0,-40.0,-8.0,248.0,167.0,-32.0,167.0,-8.0,55.0,-8.0,10,0
p,10,-40.0,-8.0,248.0,-40.0,-32.0,248.0,-152.0,-32.0,248.0,55.0,-8.0,55.0,-32.0,167.0,-32.0,10,0
p,10,-40.0,-32.0,248.0,-40.0,-8.0,248.0,-40.0,-8.0,128.0,248.0,-32.0,248.0,-8.0,128.0,-8.0,10,0
p,10,-40.0,-8.0,128.0,-40.0,-32.0,128.0,-40.0,-32.0,248.0,128.0,-8.0,128.0,-32.0,248.0,-32.0,10,0
p,10,-40.0,-32.0,112.0,-40.0,-32.0,128.0,-40.0,-24.0,128.0,112.0,-32.0,128.0,-32.0,128.0,-24.0,10,0
p,10,-40.0,-32.0,112.0,-40.0,-24.0,128.0,-40.0,-24.0,112.0,112.0,-32.0,128.0,-24.0,112.0,-24.0,10,0
p,10,-40.0,-32.0,112.0,-40.0,-8.0,112.0,-40.0,-8.0,32.0,112.0,-32.0,112.0,-8.0,32.0,-8.0,10,0
p,10,-40.0,-8.0,32.0,-40.0,-32.0,32.0,-40.0,-32.0,112.0,32.0,-8.0,32.0,-32.0,112.0,-32.0,10,0
p,8,-40.0,-24.0,112.0,-32.0,-24.0,112.0,-40.0,-8.0,112.0,-40.0,-24.0,-32.0,-24.0,-40.0,-8.0,8,0
p,8,-40.0,-8.0,112.0,-32.0,-24.0,112.0,-32.0,-8.0,112.0,-40.0,-8.0,-32.0,-24.0,-32.0,-8.0,8,0
p,8,-40.0,-24.0,128.0,-40.0,-8.0,128.0,-32.0,-8.0,128.0,55.0,-24.0,55.0,-8.0,47.0,-8.0,8,0
p,8,-40.0,-24.0,128.0,-32.0,-8.0,128.0,-32.0,-24.0,128.0,55.0,-24.0,47.0,-8.0,47.0,-24.0,8,0
p,8,-32.0,-24.0,128.0,-40.0,-24.0,112.0,-40.0,-24.0,128.0,-32.0,128.0,-40.0,112.0,-40.0,128.0,8,0
p,8,-32.0,-24.0,128.0,-32.0,-24.0,112.0,-40.0,-24.0,112.0,-32.0,128.0,-32.0,112.0,-40.0,112.0,8,0
p,8,80.0,-32.0,24.0,64.0,-32.0,24.0,64.0,-24.0,24.0,-65.0,-32.0,-49.0,-32.0,-49.0,-24.0,8,0
p,8,64.0,-24.0,24.0,80.0,-24.0,24.0,80.0,-32.0,24.0,-49.0,-24.0,-65.0,-24.0,-65.0,-32.0,8,0
p,8,64.0,-32.0,24.0,-72.0,-32.0,24.0,64.0,-8.0,24.0,-49.0,-32.0,87.0,-32.0,-49.0,-8.0,8,0
p,8,64.0,-24.0,32.0,64.0,-24.0,24.0,64.0,-8.0,24.0,-17.0,-24.0,-9.0,-24.0,-9.0,-8.0,8,0
p,8,80.0,-24.0,24.0,64.0,-24.0,32.0,80.0,-24.0,32.0,80.0,24.0,64.0,32.0,80.0,32.0,8,0
p,8,64.0,-24.0,32.0,80.0,-24.0,24.0,64.0,-24.0,24.0,64.0,32.0,80.0,24.0,64.0,24.0,8,0
p,9,-32.0,-32.0,32.0,32.0,-32.0,32.0,32.0,-8.0,32.0,-32.0,-32.0,32.0,-32.0,32.0,-8.0,9,0
p,9,32.0,-8.0,32.0,-32.0,-8.0,32.0,-32.0,-32.0,32.0,32.0,-8.0,-32.0,-8.0,-32.0,-32.0,9,0
p,9,32.0,-32.0,32.0,32.0,-32.0,72.0,32.0,-8.0,72.0,32.0,-32.0,72.0,-32.0,72.0,-8.0,9,0
p,9,32.0,-8.0,72.0,32.0,-8.0,32.0,32.0,-32.0,32.0,72.0,-8.0,32.0,-8.0,32.0,-32.0,9,0
p,9,32.0,-32.0,72.0,32.0,-32.0,88.0,32.0,-24.0,88.0,72.0,-32.0,88.0,-32.0,88.0,-24.0,9,0
p,9,32.0,-24.0,88.0,32.0,-24.0,72.0,32.0,-32.0,72.0,88.0,-24.0,72.0,-24.0,72.0,-32.0,9,0
p,9,32.0,-32.0,88.0,32.0,-32.0,248.0,32.0,-8.0,248.0,88.0,-32.0,248.0,-32.0,248.0,-8.0,9,0
p,9,32.0,-8.0,248.0,32.0,-8.0,88.0,32.0,-32.0,88.0,248.0,-8.0,88.0,-8.0,88.0,-32.0,9,0
p,9,32.0,-32.0,248.0,8.0,-32.0,248.0,8.0,-8.0,248.0,-17.0,-32.0,7.0,-32.0,7.0,-8.0,9,0
p,9,8.0,-8.0,248.0,32.0,-8.0,248.0,32.0,-32.0,248.0,7.0,-8.0,-17.0,-8.0,-17.0,-32.0,9,0
p,9,8.0,-32.0,248.0,-8.0,-32.0,248.0,-8.0,-24.0,248.0,7.0,-32.0,23.0,-32.0,23.0,-24.0,9,0
p,9,-8.0,-24.0,248.0,8.0,-24.0,248.0,8.0,-32.0,248.0,23.0,-24.0,7.0,-24.0,7.0,-32.0,9,0
p,9,-8.0,-32.0,248.0,-32.0,-32.0,248.0,-32.0,-8.0,248.0,23.0,-32.0,47.0,-32.0,47.0,-8.0,9,0
p,9,-32.0,-8.0,248.0,-8.0,-8.0,248.0,-8.0,-32.0,248.0,47.0,-8.0,23.0,-8.0,23.0,-32.0,9,0
p,9,-32.0,-32.0,248.0,-32.0,-32.0,128.0,-32.0,-8.0,128.0,-233.0,-32.0,-113.0,-32.0,-113.0,-8.0,9,0
p,9,-32.0,-8.0,128.0,-32.0,-8.0,248.0,-32.0,-32.0,248.0,-113.0,-8.0,-233.0,-8.0,-233.0,-32.0,9,0
p,9,-32.0,-32.0,128.0,-32.0,-32.0,112.0,-32.0,-24.0,112.0,-113.0,-32.0,-97.0,-32.0,-97.0,-24.0,9,0
p,9,-32.0,-32.0,128.0,-32.0,-24.0,112.0,-32.0,-24.0,128.0,-113.0,-32.0,-97.0,-24.0,-113.0,-24.0,9,0
p,9,-32.0,-32.0,112.0,-32.0,-32.0,32.0,-32.0,-8.0,32.0,-97.0,-32.0,-17.0,-32.0,-17.0,-8.0,9,0
p,9,-32.0,-8.0,32.0,-32.0,-8.0,112.0,-32.0,-32.0,112.0,-17.0,-8.0,-97.0,-8.0,-97.0,-32.0,9,0
p,3,-32.0,-8.0,112.0,-32.0,-8.0,128.0,-40.0,-8.0,128.0,-32.0,112.0,-32.0,128.0,-40.0,128.0,3,0
p,3,-40.0,-8.0,128.0,-40.0,-8.0,112.0,-32.0,-8.0,112.0,-40.0,128.0,-40.0,112.0,-32.0,112.0,3,0
p,3,-16.0,-24.0,32.0,16.0,-8.0,32.0,16.0,-8.0,48.0,-16.0,32.0,16.0,32.0,16.0,48.0,3,0
p,3,16.0,-8.0,48.0,-16.0,-24.0,48.0,-16.0,-24.0,32.0,16.0,48.0,-16.0,48.0,-16.0,32.0,3,0
p,3,-16.0,-24.0,48.0,16.0,-8.0,48.0,-16.0,-8.0,48.0,-16.0,-24.0,16.0,-8.0,-16.0,-8.0,3,0
p,3,-32.0,-24.0,32.0,-16.0,-24.0,32.0,-16.0,-24.0,48.0,-32.0,32.0,-16.0,32.0,-16.0,48.0,3,0
p,3,-16.0,-24.0,48.0,-32.0,-24.0,48.0,-32.0,-24.0,32.0,-16.0,48.0,-32.0,48.0,-32.0,32.0,3,0
p,3,-32.0,-24.0,48.0,-16.0,-24.0,48.0,-16.0,-40.0,80.0,-32.0,48.0,-16.0,48.0,-16.0,80.0,3,0
p,3,-16.0,-40.0,80.0,-32.0,-40.0,80.0,-32.0,-24.0,48.0,-16.0,80.0,-32.0,80.0,-32.0,48.0,3,0
p,3,-16.0,-40.0,80.0,-16.0,-24.0,48.0,-16.0,-8.0,48.0,-65.0,-40.0,-33.0,-24.0,-33.0,-8.0,3,0
p,3,-16.0,-8.0,48.0,-16.0,-8.0,80.0,-16.0,-40.0,80.0,-33.0,-8.0,-65.0,-8.0,-65.0,-40.0,3,0
p,3,-32.0,-32.0,80.0,-16.0,-32.0,80.0,-16.0,-8.0,80.0,-32.0,-32.0,-16.0,-32.0,-16.0,-8.0,3,0
p,3,-16.0,-8.0,80.0,-32.0,-8.0,80.0,-32.0,-32.0,80.0,-16.0,-8.0,-32.0,-8.0,-32.0,-32.0,3,0
p,8,64.0,-24.0,32.0,64.0,-8.0,24.0,64.0,-8.0,32.0,-17.0,-24.0,-9.0,-8.0,-17.0,-8.0,8,0
p,11,40.0,-32.0,32.0,64.0,-32.0,32.0,64.0,-8.0,32.0,40.0,-32.0,64.0,-32.0,64.0,-8.0,11,0
p,11,64.0,-8.0,32.0,40.0,-8.0,32.0,40.0,-32.0,32.0,64.0,-8.0,40.0,-8.0,40.0,-32.0,11,0
p,11,64.0,-32.0,32.0,80.0,-32.0,32.0,80.0,-24.0,32.0,64.0,-32.0,80.0,-32.0,80.0,-24.0,11,0
p,11,80.0,-24.0,32.0,64.0,-24.0,32.0,64.0,-32.0,32.0,80.0,-24.0,64.0,-24.0,64.0,-32.0,11,0
p,11,80.0,-32.0,32.0,152.0,-32.0,32.0,152.0,-8.0,32.0,80.0,-32.0,152.0,-32.0,152.0,-8.0,11,0
p,11,152.0,-8.0,32.0,80.0,-8.0,32.0,80.0,-32.0,32.0,152.0,-8.0,80.0,-8.0,80.0,-32.0,11,0
p,11,152.0,-32.0,32.0,152.0,-32.0,248.0,152.0,-8.0,248.0,32.0,-32.0,248.0,-32.0,248.0,-8.0,11,0
p,11,152.0,-8.0,248.0,152.0,-8.0,32.0,152.0,-32.0,32.0,248.0,-8.0,32.0,-8.0,32.0,-32.0,11,0
p,11,152.0,-32.0,248.0,40.0,-32.0,248.0,40.0,-8.0,248.0,-137.0,-32.0,-25.0,-32.0,-25.0,-8.0,11,0
p,11,40.0,-8.0,248.0,152.0,-8.0,248.0,152.0,-32.0,248.0,-25.0,-8.0,-137.0,-8.0,-137.0,-32.0,11,0
p,11,40.0,-32.0,248.0,40.0,-32.0,88.0,40.0,-8.0,88.0,-233.0,-32.0,-73.0,-32.0,-73.0,-8.0,11,0
p,11,40.0,-8.0,88.0,40.0,-8.0,248.0,40.0,-32.0,248.0,-73.0,-8.0,-233.0,-8.0,-233.0,-32.0,11,0
p,11,40.0,-32.0,88.0,40.0,-32.0,72.0,40.0,-24.0,72.0,-73.0,-32.0,-57.0,-32.0,-57.0,-24.0,11,0
p,11,40.0,-24.0,72.0,40.0,-24.0,88.0,40.0,-32.0,88.0,-57.0,-24.0,-73.0,-24.0,-73.0,-32.0,11,0
p,11,40.0,-32.0,72.0,40.0,-32.0,32.0,40.0,-8.0,32.0,-57.0,-32.0,-17.0,-32.0,-17.0,-8.0,11,0
p,11,40.0,-8.0,72.0,40.0,-32.0,72.0,40.0,-8.0,32.0,-57.0,-8.0,-57.0,-32.0,-17.0,-8.0,11,0
p,8,32.0,-24.0,72.0,40.0,-24.0,72.0,40.0,-8.0,72.0,32.0,-24.0,40.0,-24.0,40.0,-8.0,8,0
p,8,40.0,-8.0,72.0,32.0,-8.0,72.0,32.0,-24.0,72.0,40.0,-8.0,32.0,-8.0,32.0,-24.0,8,0
p,8,32.0,-24.0,88.0,32.0,-8.0,88.0,40.0,-8.0,88.0,-17.0,-24.0,-17.0,-8.0,-25.0,-8.0,8,0
p,8,40.0,-8.0,88.0,40.0,-24.0,88.0,32.0,-24.0,88.0,-25.0,-8.0,-25.0,-24.0,-17.0,-24.0,8,0
p,8,40.0,-24.0,88.0,32.0,-24.0,72.0,32.0,-24.0,88.0,40.0,88.0,32.0,72.0,32.0,88.0,8,0
p,8,32.0,-24.0,72.0,40.0,-24.0,88.0,40.0,-24.0,72.0,32.0,72.0,40.0,88.0,40.0,72.0,8,0
p,8,-32.0,-32.0,80.0,32.0,-32.0,248.0,32.0,-32.0,80.0,-32.0,80.0,32.0,248.0,32.0,80.0,8,0
p,8,-16.0,-32.0,48.0,32.0,-32.0,80.0,32.0,-32.0,48.0,-16.0,48.0,32.0,80.0,32.0,48.0,8,0
p,8,32.0,-32.0,80.0,-16.0,-32.0,48.0,-16.0,-32.0,80.0,32.0,80.0,-16.0,48.0,-16.0,80.0,8,0
p,8,8.0,-32.0,32.0,32.0,-32.0,48.0,32.0,-32.0,32.0,16.0,32.0,32.0,48.0,32.0,32.0,8,0
p,8,32.0,-32.0,48.0,8.0,-32.0,32.0,8.0,-32.0,48.0,32.0,48.0,16.0,32.0,16.0,48.0,8,0
p,8,-32.0,-32.0,80.0,-32.0,-32.0,248.0,32.0,-32.0,248.0,-32.0,80.0,-32.0,248.0,32.0,248.0,8,0
p,8,40.0,-32.0,32.0,152.0,-32.0,248.0,152.0,-32.0,32.0,40.0,32.0,152.0,248.0,152.0,32.0,8,0
p,8,152.0,-32.0,248.0,40.0,-32.0,32.0,40.0,-32.0,248.0,152.0,248.0,40.0,32.0,40.0,248.0,8,0
p,8,-120.0,-32.0,-88.0,152.0,-32.0,24.0,152.0,-32.0,-96.0,-120.0,-96.0,152.0,24.0,152.0,-96.0,8,0
p,8,152.0,-32.0,24.0,-120.0,-32.0,-88.0,-120.0,-32.0,24.0,152.0,24.0,-120.0,-96.0,-120.0,24.0,8,0
p,8,-152.0,-32.0,-72.0,-120.0,-32.0,24.0,-120.0,-32.0,-72.0,-152.0,-72.0,-120.0,24.0,-120.0,-72.0,8,0
p,8,-120.0,-32.0,24.0,-152.0,-32.0,-72.0,-152.0,-32.0,24.0,-120.0,24.0,-152.0,-72.0,-152.0,24.0,8,0
p,8,-152.0,-32.0,32.0,-40.0,-32.0,248.0,-40.0,-32.0,32.0,-152.0,32.0,-40.0,248.0,-40.0,32.0,8,0
p,8,-40.0,-32.0,248.0,-152.0,-32.0,32.0,-152.0,-32.0,248.0,-40.0,248.0,-152.0,32.0,-152.0,248.0,8,0
p,3,-8.0,-8.0,248.0,8.0,-8.0,248.0,-8.0,-8.0,256.0,-8.0,248.0,8.0,248.0,-8.0,256.0,3,0
p,3,-8.0,-8.0,256.0,8.0,-8.0,248.0,8.0,-8.0,256.0,-8.0,256.0,8.0,248.0,8.0,256.0,3,0
p,3,-16.0,-8.0,256.0,16.0,-8.0,256.0,16.0,-8.0,272.0,-16.0,256.0,16.0,256.0,16.0,272.0,3,0
p,3,16.0,-8.0,272.0,-16.0,-8.0,272.0,-16.0,-8.0,256.0,16.0,272.0,-16.0,272.0,-16.0,256.0,3,0
p,3,-8.0,-8.0,272.0,8.0,-8.0,272.0,8.0,0.0,288.0,-8.0,272.0,8.0,272.0,8.0,288.0,3,0
p,3,8.0,0.0,288.0,-8.0,0.0,288.0,-8.0,-8.0,272.0,8.0,288.0,-8.0,288.0,-8.0,272.0,3,0
p,3,8.0,-8.0,272.0,16.0,-8.0,272.0,16.0,0.0,272.0,8.0,-8.0,16.0,-8.0,16.0,0.0,3,0
p,3,16.0,0.0,272.0,8.0,0.0,272.0,8.0,-8.0,272.0,16.0,0.0,8.0,0.0,8.0,-8.0,3,0
p,3,16.0,-8.0,272.0,16.0,-8.0,256.0,16.0,0.0,256.0,-257.0,-8.0,-241.0,-8.0,-241.0,0.0,3,0
p,3,16.0,0.0,256.0,16.0,0.0,272.0,16.0,-8.0,272.0,-241.0,0.0,-257.0,0.0,-257.0,-8.0,3,0
p,3,8.0,-8.0,272.0,8.0,0.0,272.0,8.0,0.0,288.0,-257.0,-8.0,-257.0,0.0,-273.0,0.0,3,0
p,3,-8.0,0.0,288.0,-8.0,0.0,272.0,-8.0,-8.0,272.0,288.0,0.0,272.0,0.0,272.0,-8.0,3,0
p,3,-16.0,-8.0,272.0,-8.0,-8.0,272.0,-8.0,0.0,272.0,-16.0,-8.0,-8.0,-8.0,-8.0,0.0,3,0
p,3,-8.0,0.0,272.0,-16.0,0.0,272.0,-16.0,-8.0,272.0,-8.0,0.0,-16.0,0.0,-16.0,-8.0,3,0
p,3,-16.0,-8.0,272.0,-16.0,0.0,272.0,-16.0,0.0,256.0,272.0,-8.0,272.0,0.0,256.0,0.0,3,0
p,3,-16.0,0.0,256.0,-16.0,-8.0,256.0,-16.0,-8.0,272.0,256.0,0.0,256.0,-8.0,272.0,-8.0,3,0
p,9,-32.0,-40.0,80.0,-32.0,-40.0,64.0,-32.0,-32.0,64.0,-65.0,-40.0,-49.0,-40.0,-49.0,-32.0,9,0
p,9,-32.0,-40.0,64.0,-32.0,-40.0,32.0,-32.0,-32.0,32.0,-49.0,-40.0,-17.0,-40.0,-17.0,-32.0,9,0
p,9,-32.0,-32.0,32.0,-32.0,-32.0,64.0,-32.0,-40.0,64.0,-17.0,-32.0,-49.0,-32.0,-49.0,-40.0,9,0
p,9,-32.0,-40.0,32.0,8.0,-40.0,32.0,8.0,-32.0,32.0,-32.0,-40.0,8.0,-40.0,8.0,-32.0,9,0
p,9,8.0,-32.0,32.0,-32.0,-32.0,32.0,-32.0,-40.0,32.0,8.0,-32.0,-32.0,-32.0,-32.0,-40.0,9,0
p,9,8.0,-40.0,32.0,8.0,-40.0,48.0,8.0,-32.0,48.0,32.0,-40.0,48.0,-40.0,48.0,-32.0,9,0
p,9,8.0,-32.0,48.0,8.0,-32.0,32.0,8.0,-40.0,32.0,48.0,-32.0,32.0,-32.0,32.0,-40.0,9,0
p,9,8.0,-40.0,48.0,-16.0,-40.0,48.0,-16.0,-32.0,48.0,7.0,-40.0,31.0,-40.0,31.0,-32.0,9,0
p,9,-16.0,-32.0,48.0,8.0,-32.0,48.0,8.0,-40.0,48.0,31.0,-32.0,7.0,-32.0,7.0,-40.0,9,0
p,9,-16.0,-40.0,48.0,-16.0,-40.0,80.0,-16.0,-32.0,48.0,48.0,-40.0,80.0,-40.0,48.0,-32.0,9,0
p,9,-16.0,-32.0,48.0,-16.0,-40.0,80.0,-16.0,-32.0,64.0,48.0,-32.0,80.0,-40.0,64.0,-32.0,9,0
p,4,-72.0,-40.0,-88.0,16.0,-40.0,-88.0,16.0,-40.0,-8.0,-72.0,-88.0,16.0,-88.0,16.0,-8.0,4,0
p,4,16.0,-40.0,-8.0,-72.0,-40.0,-8.0,-72.0,-40.0,-88.0,16.0,-8.0,-72.0,-8.0,-72.0,-88.0,4,0
p,3,16.0,-40.0,-88.0,152.0,-40.0,-88.0,152.0,-40.0,32.0,16.0,-88.0,152.0,-88.0,152.0,32.0,3,0
p,3,152.0,-40.0,32.0,16.0,-40.0,32.0,16.0,-40.0,-88.0,152.0,32.0,16.0,32.0,16.0,-88.0,3,0
p,3,-72.0,-40.0,-8.0,16.0,-40.0,-8.0,16.0,-40.0,32.0,-72.0,-8.0,16.0,-8.0,16.0,32.0,3,0
p,3,16.0,-40.0,32.0,-72.0,-40.0,32.0,-72.0,-40.0,-8.0,16.0,32.0,-72.0,32.0,-72.0,-8.0,3,0
p,3,-72.0,-40.0,32.0,-32.0,-40.0,32.0,-32.0,-40.0,80.0,-72.0,32.0,-32.0,32.0,-32.0,80.0,3,0
p,3,-32.0,-40.0,80.0,-72.0,-40.0,80.0,-72.0,-40.0,32.0,-32.0,80.0,-72.0,80.0,-72.0,32.0,3,0
p,3,-72.0,-40.0,-88.0,-72.0,-40.0,80.0,-152.0,-40.0,80.0,-72.0,-88.0,-72.0,80.0,-152.0,80.0,3,0
p,3,-152.0,-40.0,80.0,-152.0,-40.0,-88.0,-72.0,-40.0,-88.0,-152.0,80.0,-152.0,-88.0,-72.0,-88.0,3,0
p,3,-152.0,-40.0,80.0,152.0,-40.0,80.0,152.0,-40.0,248.0,-152.0,80.0,152.0,80.0,152.0,248.0,3,0
p,3,152.0,-40.0,248.0,-152.0,-40.0,248.0,-152.0,-40.0,80.0,152.0,248.0,-152.0,248.0,-152.0,80.0,3,0
p,3,8.0,-40.0,32.0,152.0,-40.0,32.0,152.0,-40.0,80.0,8.0,32.0,152.0,32.0,152.0,80.0,3,0
p,3,152.0,-40.0,80.0,8.0,-40.0,80.0,8.0,-40.0,32.0,152.0,80.0,8.0,80.0,8.0,32.0,3,0
p,3,8.0,-40.0,48.0,8.0,-40.0,80.0,-16.0,-40.0,80.0,8.0,48.0,8.0,80.0,-16.0,80.0,3,0
p,3,-16.0,-40.0,80.0,-16.0,-40.0,48.0,8.0,-40.0,48.0,-16.0,80.0,-16.0,48.0,8.0,48.0,3,0
p,12,-8.0,-72.0,256.0,-8.0,0.0,256.0,-160.0,0.0,256.0,-8.0,-72.0,-8.0,0.0,-160.0,0.0,12,0
p,12,-160.0,0.0,256.0,-160.0,-72.0,256.0,-8.0,-72.0,256.0,-160.0,0.0,-160.0,-72.0,-8.0,-72.0,12,0
p,12,-8.0,-72.0,256.0,8.0,-24.0,256.0,-8.0,-24.0,256.0,-8.0,-72.0,8.0,-24.0,-8.0,-24.0,12,0
p,12,-8.0,-72.0,256.0,8.0,-72.0,256.0,8.0,-24.0,256.0,-8.0,-72.0,8.0,-72.0,8.0,-24.0,12,0
p,12,8.0,-72.0,256.0,160.0,-72.0,256.0,160.0,0.0,256.0,8.0,-72.0,160.0,-72.0,160.0,0.0,12,0
p,12,160.0,0.0,256.0,8.0,0.0,256.0,8.0,-72.0,256.0,160.0,0.0,8.0,0.0,8.0,-72.0,12,0
p,8,8.0,-24.0,248.0,8.0,-24.0,256.0,8.0,-8.0,256.0,248.0,-24.0,256.0,-24.0,256.0,-8.0,8,0
p,8,8.0,-8.0,256.0,8.0,-8.0,248.0,8.0,-24.0,248.0,256.0,-8.0,248.0,-8.0,248.0,-24.0,8,0
p,8,-8.0,-24.0,256.0,-8.0,-24.0,248.0,-8.0,-8.0,248.0,-241.0,-24.0,-233.0,-24.0,-233.0,-8.0,8,0
p,8,-8.0,-8.0,248.0,-8.0,-8.0,256.0,-8.0,-24.0,256.0,-233.0,-8.0,-241.0,-8.0,-241.0,-24.0,8,0
p,8,-8.0,-24.0,248.0,8.0,-24.0,256.0,8.0,-24.0,248.0,-8.0,248.0,8.0,256.0,8.0,248.0,8,0
p,8,8.0,-24.0,256.0,-8.0,-24.0,248.0,-8.0,-24.0,256.0,8.0,256.0,-8.0,248.0,-8.0,256.0,8,0
p,12,-160.0,-72.0,-96.0,-160.0,-72.0,-20.0,-160.0,0.0,-20.0,-96.0,-72.0,-20.0,-72.0,-20.0,0.0,12,0
p,12,-160.0,-72.0,-96.0,-160.0,0.0,-20.0,-160.0,0.0,-96.0,-96.0,-72.0,-20.0,0.0,-96.0,0.0,12,0
p,12,-160.0,-72.0,-20.0,-160.0,-72.0,-4.0,-160.0,-24.0,-4.0,-20.0,-72.0,-4.0,-72.0,-4.0,-24.0,12,0
p,12,-160.0,-24.0,-4.0,-160.0,-24.0,-20.0,-160.0,-72.0,-20.0,-4.0,-24.0,-20.0,-24.0,-20.0,-72.0,12,0
p,12,-160.0,-72.0,-4.0,-160.0,-72.0,256.0,-160.0,0.0,256.0,-4.0,-72.0,256.0,-72.0,256.0,0.0,12,0
p,12,-160.0,0.0,256.0,-160.0,0.0,-4.0,-160.0,-72.0,-4.0,256.0,0.0,-4.0,0.0,-4.0,-72.0,12,0
p,12,-160.0,-72.0,-96.0,-160.0,0.0,-96.0,160.0,0.0,-96.0,175.0,-72.0,175.0,0.0,-145.0,0.0,12,0
p,12,160.0,0.0,-96.0,160.0,-72.0,-96.0,-160.0,-72.0,-96.0,-145.0,0.0,-145.0,-72.0,175.0,-72.0,12,0
p,12,160.0,-72.0,-96.0,160.0,0.0,-96.0,160.0,0.0,256.0,111.0,-72.0,111.0,0.0,-241.0,0.0,12,0
p,12,160.0,0.0,256.0,160.0,-72.0,256.0,160.0,-72.0,-96.0,-241.0,0.0,-241.0,-72.0,111.0,-72.0,12,0
p,11,-72.0,-64.0,-88.0,16.0,-64.0,-88.0,-72.0,-40.0,-88.0,-72.0,-64.0,16.0,-64.0,-72.0,-40.0,11,0
p,11,-72.0,-40.0,-88.0,16.0,-64.0,-88.0,16.0,-40.0,-88.0,-72.0,-40.0,16.0,-64.0,16.0,-40.0,11,0
p,11,16.0,-64.0,-88.0,16.0,-64.0,-8.0,16.0,-40.0,-8.0,-88.0,-64.0,-8.0,-64.0,-8.0,-40.0,11,0
p,11,16.0,-40.0,-8.0,16.0,-40.0,-88.0,16.0,-64.0,-88.0,-8.0,-40.0,-88.0,-40.0,-88.0,-64.0,11,0
p,11,16.0,-64.0,-8.0,-72.0,-64.0,-8.0,-72.0,-40.0,-8.0,-1.0,-64.0,87.0,-64.0,87.0,-40.0,11,0
p,11,-72.0,-40.0,-8.0,16.0,-40.0,-8.0,16.0,-64.0,-8.0,87.0,-40.0,-1.0,-40.0,-1.0,-64.0,11,0
p,11,-72.0,-64.0,-40.0,-72.0,-40.0,-40.0,-72.0,-40.0,-8.0,55.0,-64.0,55.0,-40.0,23.0,-40.0,11,0
p,11,-72.0,-40.0,-8.0,-72.0,-64.0,-8.0,-72.0,-64.0,-40.0,23.0,-40.0,23.0,-64.0,55.0,-64.0,11,0
p,11,-72.0,-64.0,-56.0,-72.0,-64.0,-88.0,-72.0,-40.0,-88.0,71.0,-64.0,103.0,-64.0,103.0,-40.0,11,0
p,11,-72.0,-40.0,-88.0,-72.0,-40.0,-56.0,-72.0,-64.0,-56.0,103.0,-40.0,71.0,-40.0,71.0,-64.0,11,0
p,11,-72.0,-64.0,-56.0,-72.0,-56.0,-56.0,-72.0,-56.0,-40.0,71.0,-64.0,71.0,-56.0,55.0,-56.0,11,0
p,11,-72.0,-56.0,-40.0,-72.0,-64.0,-40.0,-72.0,-64.0,-56.0,55.0,-56.0,55.0,-64.0,71.0,-64.0,11,0
p,8,-80.0,-56.0,-56.0,-72.0,-56.0,-56.0,-72.0,-40.0,-56.0,-80.0,-56.0,-72.0,-56.0,-72.0,-40.0,8,0
p,8,-72.0,-40.0,-56.0,-80.0,-40.0,-56.0,-80.0,-56.0,-56.0,-72.0,-40.0,-80.0,-40.0,-80.0,-56.0,8,0
p,8,-72.0,-56.0,-40.0,-80.0,-40.0,-40.0,-72.0,-40.0,-40.0,87.0,-56.0,95.0,-40.0,87.0,-40.0,8,0
p,8,-72.0,-56.0,-40.0,-80.0,-56.0,-40.0,-80.0,-40.0,-40.0,87.0,-56.0,95.0,-56.0,95.0,-40.0,8,0
p,8,-80.0,-56.0,-40.0,-72.0,-56.0,-56.0,-80.0,-56.0,-56.0,-80.0,-40.0,-72.0,-56.0,-80.0,-56.0,8,0
p,8,-72.0,-56.0,-56.0,-80.0,-56.0,-40.0,-72.0,-56.0,-40.0,-72.0,-56.0,-80.0,-40.0,-72.0,-40.0,8,0
p,8,-80.0,-64.0,-88.0,-80.0,-64.0,-56.0,-80.0,-40.0,-56.0,-88.0,-64.0,-56.0,-64.0,-56.0,-40.0,8,0
p,8,-80.0,-40.0,-56.0,-80.0,-40.0,-88.0,-80.0,-64.0,-88.0,-56.0,-40.0,-88.0,-40.0,-88.0,-64.0,8,0
p,8,-80.0,-64.0,-56.0,-80.0,-64.0,-40.0,-80.0,-56.0,-40.0,-56.0,-64.0,-40.0,-64.0,-40.0,-56.0,8,0
p,8,-80.0,-56.0,-40.0,-80.0,-56.0,-56.0,-80.0,-64.0,-56.0,-40.0,-56.0,-56.0,-56.0,-56.0,-64.0,8,0
p,8,-80.0,-64.0,-40.0,-80.0,-64.0,0.0,-80.0,-40.0,0.0,-40.0,-64.0,0.0,-64.0,0.0,-40.0,8,0
p,8,-80.0,-40.0,0.0,-80.0,-40.0,-40.0,-80.0,-64.0,-40.0,0.0,-40.0,-40.0,-40.0,-40.0,-64.0,8,0
p,8,-80.0,-64.0,0.0,24.0,-64.0,0.0,24.0,-40.0,0.0,-80.0,-64.0,24.0,-64.0,24.0,-40.0,8,0
p,8,24.0,-40.0,0.0,-80.0,-40.0,0.0,-80.0,-64.0,0.0,24.0,-40.0,-80.0,-40.0,-80.0,-64.0,8,0
p,8,24.0,-64.0,0.0,24.0,-64.0,-88.0,24.0,-40.0,-88.0,15.0,-64.0,103.0,-64.0,103.0,-40.0,8,0
p,8,24.0,-40.0,-88.0,24.0,-40.0,0.0,24.0,-64.0,0.0,103.0,-40.0,15.0,-40.0,15.0,-64.0,8,0
p,8,-152.0,-64.0,0.0,-112.0,-64.0,0.0,-112.0,-40.0,0.0,-152.0,-64.0,-112.0,-64.0,-112.0,-40.0,8,0
p,8,-112.0,-40.0,0.0,-152.0,-40.0,0.0,-152.0,-64.0,0.0,-112.0,-40.0,-152.0,-40.0,-152.0,-64.0,8,0
p,8,-112.0,-64.0,0.0,-112.0,-64.0,-24.0,-112.0,-40.0,-24.0,15.0,-64.0,39.0,-64.0,39.0,-40.0,8,0
p,8,-112.0,-40.0,-24.0,-112.0,-40.0,0.0,-112.0,-64.0,0.0,39.0,-40.0,15.0,-40.0,15.0,-64.0,8,0
p,8,-112.0,-64.0,-24.0,-112.0,-64.0,-40.0,-112.0,-56.0,-40.0,39.0,-64.0,55.0,-64.0,55.0,-56.0,8,0
p,8,-112.0,-56.0,-40.0,-112.0,-56.0,-24.0,-112.0,-64.0,-24.0,55.0,-56.0,39.0,-56.0,39.0,-64.0,8,0
p,8,-112.0,-64.0,-40.0,-112.0,-64.0,-56.0,-112.0,-40.0,-56.0,55.0,-64.0,71.0,-64.0,71.0,-40.0,8,0
p,8,-112.0,-40.0,-56.0,-112.0,-40.0,-40.0,-112.0,-64.0,-40.0,71.0,-40.0,55.0,-40.0,55.0,-64.0,8,0
p,8,-112.0,-64.0,-56.0,-112.0,-64.0,-72.0,-112.0,-56.0,-72.0,71.0,-64.0,87.0,-64.0,87.0,-56.0,8,0
p,8,-112.0,-56.0,-72.0,-112.0,-56.0,-56.0,-112.0,-64.0,-56.0,87.0,-56.0,71.0,-56.0,71.0,-64.0,8,0
p,8,-112.0,-64.0,-72.0,-112.0,-64.0,-88.0,-112.0,-40.0,-88.0,87.0,-64.0,103.0,-64.0,103.0,-40.0,8,0
p,8,-112.0,-40.0,-88.0,-112.0,-40.0,-72.0,-112.0,-64.0,-72.0,103.0,-40.0,87.0,-40.0,87.0,-64.0,8,0
p,8,-112.0,-64.0,-88.0,-80.0,-64.0,-88.0,-80.0,-40.0,-88.0,-112.0,-64.0,-80.0,-64.0,-80.0,-40.0,8,0
p,8,-80.0,-40.0,-88.0,-112.0,-40.0,-88.0,-112.0,-64.0,-88.0,-80.0,-40.0,-112.0,-40.0,-112.0,-64.0,8,0
p,8,-120.0,-56.0,-40.0,-112.0,-56.0,-40.0,-112.0,-40.0,-40.0,-120.0,-56.0,-112.0,-56.0,-112.0,-40.0,8,0
p,8,-112.0,-40.0,-40.0,-120.0,-40.0,-40.0,-120.0,-56.0,-40.0,-112.0,-40.0,-120.0,-40.0,-120.0,-56.0,8,0
p,8,-120.0,-56.0,-40.0,-112.0,-56.0,-24.0,-112.0,-56.0,-40.0,-120.0,-40.0,-112.0,-24.0,-112.0,-40.0,8,0
p,8,-120.0,-56.0,-40.0,-120.0,-56.0,-24.0,-112.0,-56.0,-24.0,-120.0,-40.0,-120.0,-24.0,-112.0,-24.0,8,0
p,8,-120.0,-56.0,-24.0,-120.0,-40.0,-24.0,-112.0,-56.0,-24.0,135.0,-56.0,135.0,-40.0,127.0,-56.0,8,0
p,8,-112.0,-56.0,-24.0,-120.0,-40.0,-24.0,-112.0,-40.0,-24.0,127.0,-56.0,135.0,-40.0,127.0,-40.0,8,0
p,8,-112.0,-56.0,-72.0,-120.0,-56.0,-56.0,-112.0,-56.0,-56.0,-112.0,-72.0,-120.0,-56.0,-112.0,-56.0,8,0
p,8,-120.0,-56.0,-56.0,-120.0,-56.0,-72.0,-112.0,-56.0,-72.0,-120.0,-56.0,-120.0,-72.0,-112.0,-72.0,8,0
p,8,-120.0,-56.0,-72.0,-112.0,-56.0,-72.0,-112.0,-40.0,-72.0,-120.0,-56.0,-112.0,-56.0,-112.0,-40.0,8,0
p,8,-112.0,-40.0,-72.0,-120.0,-40.0,-72.0,-120.0,-56.0,-72.0,-112.0,-40.0,-120.0,-40.0,-120.0,-56.0,8,0
p,8,-112.0,-56.0,-56.0,-120.0,-40.0,-56.0,-112.0,-40.0,-56.0,127.0,-56.0,135.0,-40.0,127.0,-40.0,8,0
p,8,-112.0,-56.0,-56.0,-120.0,-56.0,-56.0,-120.0,-40.0,-56.0,127.0,-56.0,135.0,-56.0,135.0,-40.0,8,0
p,8,-120.0,-64.0,-56.0,-120.0,-64.0,-40.0,-120.0,-40.0,-40.0,-56.0,-64.0,-40.0,-64.0,-40.0,-40.0,8,0
p,8,-120.0,-40.0,-40.0,-120.0,-40.0,-56.0,-120.0,-64.0,-56.0,-40.0,-40.0,-56.0,-40.0,-56.0,-64.0,8,0
p,8,-120.0,-64.0,-72.0,-120.0,-64.0,-56.0,-120.0,-56.0,-56.0,-72.0,-64.0,-56.0,-64.0,-56.0,-56.0,8,0
p,8,-120.0,-56.0,-56.0,-120.0,-56.0,-72.0,-120.0,-64.0,-72.0,-56.0,-56.0,-72.0,-56.0,-72.0,-64.0,8,0
p,8,-120.0,-64.0,-40.0,-120.0,-64.0,-24.0,-120.0,-56.0,-24.0,-40.0,-64.0,-24.0,-64.0,-24.0,-56.0,8,0
p,8,-120.0,-56.0,-24.0,-120.0,-56.0,-40.0,-120.0,-64.0,-40.0,-24.0,-56.0,-40.0,-56.0,-40.0,-64.0,8,0
p,8,-120.0,-64.0,-24.0,-120.0,-64.0,-8.0,-120.0,-40.0,-8.0,-24.0,-64.0,-8.0,-64.0,-8.0,-40.0,8,0
p,8,-120.0,-40.0,-8.0,-120.0,-40.0,-24.0,-120.0,-64.0,-24.0,-8.0,-40.0,-24.0,-40.0,-24.0,-64.0,8,0
p,8,-120.0,-64.0,-8.0,-144.0,-64.0,-8.0,-144.0,-40.0,-8.0,135.0,-64.0,159.0,-64.0,159.0,-40.0,8,0
p,8,-144.0,-40.0,-8.0,-120.0,-40.0,-8.0,-120.0,-64.0,-8.0,159.0,-40.0,135.0,-40.0,135.0,-64.0,8,0
p,8,-144.0,-64.0,-8.0,-144.0,-64.0,-80.0,-144.0,-40.0,-80.0,23.0,-64.0,95.0,-64.0,95.0,-40.0,8,0
p,8,-144.0,-40.0,-80.0,-144.0,-40.0,-8.0,-144.0,-64.0,-8.0,95.0,-40.0,23.0,-40.0,23.0,-64.0,8,0
p,8,-144.0,-64.0,-80.0,-120.0,-64.0,-80.0,-120.0,-40.0,-80.0,-144.0,-64.0,-120.0,-64.0,-120.0,-40.0,8,0
p,8,-120.0,-40.0,-80.0,-144.0,-40.0,-80.0,-144.0,-64.0,-80.0,-120.0,-40.0,-144.0,-40.0,-144.0,-64.0,8,0
p,8,-120.0,-64.0,-80.0,-120.0,-64.0,-72.0,-120.0,-40.0,-72.0,-80.0,-64.0,-72.0,-64.0,-72.0,-40.0,8,0
p,8,-120.0,-40.0,-72.0,-120.0,-40.0,-80.0,-120.0,-64.0,-80.0,-72.0,-40.0,-80.0,-40.0,-80.0,-64.0,8,0
p,8,24.0,-64.0,-88.0,152.0,-64.0,-88.0,152.0,-40.0,-88.0,24.0,-64.0,152.0,-64.0,152.0,-40.0,8,0
p,8,152.0,-40.0,-88.0,24.0,-40.0,-88.0,24.0,-64.0,-88.0,152.0,-40.0,24.0,-40.0,24.0,-64.0,8,0
p,8,-80.0,-64.0,32.0,-80.0,-40.0,32.0,-32.0,-40.0,32.0,95.0,-64.0,95.0,-40.0,47.0,-40.0,8,0
p,8,-32.0,-40.0,32.0,-32.0,-64.0,32.0,-80.0,-64.0,32.0,47.0,-40.0,47.0,-64.0,95.0,-64.0,8,0
p,8,-32.0,-64.0,152.0,-32.0,-64.0,32.0,-32.0,-40.0,32.0,-137.0,-64.0,-17.0,-64.0,-17.0,-40.0,8,0
p,8,-32.0,-40.0,32.0,-32.0,-40.0,152.0,-32.0,-64.0,152.0,-17.0,-40.0,-137.0,-40.0,-137.0,-64.0,8,0
p,8,-32.0,-64.0,152.0,-32.0,-56.0,152.0,-32.0,-56.0,168.0,-137.0,-64.0,-137.0,-56.0,-153.0,-56.0,8,0
p,8,-32.0,-56.0,168.0,-32.0,-64.0,168.0,-32.0,-64.0,152.0,-153.0,-56.0,-153.0,-64.0,-137.0,-64.0,8,0
p,8,-32.0,-64.0,168.0,-32.0,-40.0,168.0,-32.0,-40.0,248.0,-153.0,-64.0,-153.0,-40.0,-233.0,-40.0,8,0
p,8,-32.0,-40.0,248.0,-32.0,-64.0,248.0,-32.0,-64.0,168.0,-233.0,-40.0,-233.0,-64.0,-153.0,-64.0,8,0
p,8,-80.0,-64.0,32.0,-96.0,-64.0,32.0,-96.0,-56.0,32.0,95.0,-64.0,111.0,-64.0,111.0,-56.0,8,0
p,8,-96.0,-56.0,32.0,-80.0,-56.0,32.0,-80.0,-64.0,32.0,111.0,-56.0,95.0,-56.0,95.0,-64.0,8,0
p,8,-96.0,-64.0,32.0,-152.0,-64.0,32.0,-152.0,-40.0,32.0,111.0,-64.0,167.0,-64.0,167.0,-40.0,8,0
p,8,-152.0,-40.0,32.0,-96.0,-40.0,32.0,-96.0,-64.0,32.0,167.0,-40.0,111.0,-40.0,111.0,-64.0,8,0
p,8,-152.0,-64.0,32.0,-152.0,-64.0,0.0,-152.0,-40.0,0.0,-17.0,-64.0,15.0,-64.0,15.0,-40.0,8,0
p,8,-152.0,-40.0,0.0,-152.0,-40.0,32.0,-152.0,-64.0,32.0,15.0,-40.0,-17.0,-40.0,-17.0,-64.0,8,0
p,8,24.0,-64.0,32.0,24.0,-64.0,152.0,24.0,-40.0,152.0,32.0,-64.0,152.0,-64.0,152.0,-40.0,8,0
p,8,24.0,-64.0,32.0,24.0,-40.0,152.0,24.0,-40.0,32.0,32.0,-64.0,152.0,-40.0,32.0,-40.0,8,0
p,8,24.0,-64.0,152.0,24.0,-64.0,168.0,24.0,-56.0,168.0,152.0,-64.0,168.0,-64.0,168.0,-56.0,8,0
p,8,24.0,-56.0,168.0,24.0,-56.0,152.0,24.0,-64.0,152.0,168.0,-56.0,152.0,-56.0,152.0,-64.0,8,0
p,8,24.0,-64.0,168.0,24.0,-64.0,248.0,24.0,-40.0,248.0,168.0,-64.0,248.0,-64.0,248.0,-40.0,8,0
p,8,24.0,-40.0,248.0,24.0,-40.0,168.0,24.0,-64.0,168.0,248.0,-40.0,168.0,-40.0,168.0,-64.0,8,0
p,8,24.0,-64.0,248.0,-32.0,-64.0,248.0,-32.0,-40.0,248.0,-9.0,-64.0,47.0,-64.0,47.0,-40.0,8,0
p,8,-32.0,-40.0,248.0,24.0,-40.0,248.0,24.0,-64.0,248.0,47.0,-40.0,-9.0,-40.0,-9.0,-64.0,8,0
p,8,24.0,-64.0,32.0,24.0,-40.0,32.0,88.0,-40.0,32.0,-9.0,-64.0,-9.0,-40.0,-73.0,-40.0,8,0
p,8,88.0,-40.0,32.0,88.0,-64.0,32.0,24.0,-64.0,32.0,-73.0,-40.0,-73.0,-64.0,-9.0,-64.0,8,0
p,8,88.0,-64.0,32.0,88.0,-56.0,32.0,104.0,-56.0,32.0,-73.0,-64.0,-73.0,-56.0,-89.0,-56.0,8,0
p,8,104.0,-56.0,32.0,104.0,-64.0,32.0,88.0,-64.0,32.0,-89.0,-56.0,-89.0,-64.0,-73.0,-64.0,8,0
p,8,104.0,-64.0,32.0,104.0,-40.0,32.0,152.0,-40.0,32.0,-89.0,-64.0,-89.0,-40.0,-137.0,-40.0,8,0
p,8,152.0,-40.0,32.0,152.0,-64.0,32.0,104.0,-64.0,32.0,-137.0,-40.0,-137.0,-64.0,-89.0,-64.0,8,0
p,10,32.0,-64.0,40.0,88.0,-64.0,40.0,88.0,-40.0,40.0,32.0,-64.0,88.0,-64.0,88.0,-40.0,10,0
p,10,88.0,-40.0,40.0,32.0,-40.0,40.0,32.0,-64.0,40.0,88.0,-40.0,32.0,-40.0,32.0,-64.0,10,0
p,10,88.0,-64.0,40.0,104.0,-64.0,40.0,104.0,-56.0,40.0,88.0,-64.0,104.0,-64.0,104.0,-56.0,10,0
p,10,104.0,-56.0,40.0,88.0,-56.0,40.0,88.0,-64.0,40.0,104.0,-56.0,88.0,-56.0,88.0,-64.0,10,0
p,10,104.0,-64.0,40.0,152.0,-64.0,40.0,152.0,-40.0,40.0,104.0,-64.0,152.0,-64.0,152.0,-40.0,10,0
p,10,152.0,-40.0,40.0,104.0,-40.0,40.0,104.0,-64.0,40.0,152.0,-40.0,104.0,-40.0,104.0,-64.0,10,0
p,10,152.0,-64.0,40.0,152.0,-64.0,248.0,152.0,-40.0,248.0,40.0,-64.0,248.0,-64.0,248.0,-40.0,10,0
p,10,152.0,-40.0,248.0,152.0,-40.0,40.0,152.0,-64.0,40.0,248.0,-40.0,40.0,-40.0,40.0,-64.0,10,0
p,10,152.0,-64.0,248.0,32.0,-64.0,248.0,32.0,-40.0,248.0,-137.0,-64.0,-17.0,-64.0,-17.0,-40.0,10,0
p,10,32.0,-40.0,248.0,152.0,-40.0,248.0,152.0,-64.0,248.0,-17.0,-40.0,-137.0,-40.0,-137.0,-64.0,10,0
p,10,32.0,-64.0,248.0,32.0,-64.0,168.0,32.0,-40.0,168.0,-233.0,-64.0,-153.0,-64.0,-153.0,-40.0,10,0
p,10,32.0,-40.0,168.0,32.0,-40.0,248.0,32.0,-64.0,248.0,-153.0,-40.0,-233.0,-40.0,-233.0,-64.0,10,0
p,10,32.0,-64.0,168.0,32.0,-64.0,152.0,32.0,-56.0,152.0,-153.0,-64.0,-137.0,-64.0,-137.0,-56.0,10,0
p,10,32.0,-56.0,152.0,32.0,-56.0,168.0,32.0,-64.0,168.0,-137.0,-56.0,-153.0,-56.0,-153.0,-64.0,10,0
p,10,32.0,-64.0,152.0,32.0,-64.0,40.0,32.0,-40.0,40.0,-137.0,-64.0,-25.0,-64.0,-25.0,-40.0,10,0
p,10,32.0,-40.0,40.0,32.0,-40.0,152.0,32.0,-64.0,152.0,-25.0,-40.0,-137.0,-40.0,-137.0,-64.0,10,0
p,8,24.0,-56.0,152.0,32.0,-56.0,152.0,32.0,-40.0,152.0,24.0,-56.0,32.0,-56.0,32.0,-40.0,8,0
p,8,32.0,-40.0,152.0,24.0,-40.0,152.0,24.0,-56.0,152.0,32.0,-40.0,24.0,-40.0,24.0,-56.0,8,0
p,8,32.0,-56.0,152.0,24.0,-56.0,168.0,32.0,-56.0,168.0,32.0,152.0,24.0,168.0,32.0,168.0,8,0
p,8,24.0,-56.0,168.0,32.0,-56.0,152.0,24.0,-56.0,152.0,24.0,168.0,32.0,152.0,24.0,152.0,8,0
p,8,32.0,-56.0,168.0,24.0,-56.0,168.0,24.0,-40.0,168.0,-17.0,-56.0,-9.0,-56.0,-9.0,-40.0,8,0
p,8,32.0,-40.0,168.0,24.0,-40.0,168.0,32.0,-56.0,168.0,32.0,-40.0,24.0,-40.0,32.0,-56.0,8,0
p,8,104.0,-56.0,32.0,104.0,-56.0,40.0,104.0,-40.0,40.0,32.0,-56.0,40.0,-56.0,40.0,-40.0,8,0
p,8,104.0,-40.0,40.0,104.0,-40.0,32.0,104.0,-56.0,32.0,40.0,-40.0,32.0,-40.0,32.0,-56.0,8,0
p,8,104.0,-56.0,32.0,88.0,-56.0,32.0,88.0,-56.0,40.0,104.0,32.0,88.0,32.0,88.0,40.0,8,0
p,8,88.0,-56.0,40.0,104.0,-56.0,32.0,104.0,-56.0,40.0,88.0,40.0,104.0,32.0,104.0,40.0,8,0
p,8,88.0,-56.0,40.0,88.0,-56.0,32.0,88.0,-40.0,32.0,-25.0,-56.0,-17.0,-56.0,-17.0,-40.0,8,0
p,8,88.0,-40.0,32.0,88.0,-40.0,40.0,88.0,-56.0,40.0,-17.0,-40.0,-25.0,-40.0,-25.0,-56.0,8,0
p,8,152.0,-64.0,32.0,152.0,-40.0,32.0,152.0,-40.0,-88.0,32.0,-64.0,32.0,-40.0,-88.0,-40.0,8,0
p,8,152.0,-40.0,-88.0,152.0,-64.0,-88.0,152.0,-64.0,32.0,-88.0,-40.0,-88.0,-64.0,32.0,-64.0,8,0
p,9,-96.0,-64.0,40.0,-80.0,-64.0,40.0,-80.0,-56.0,40.0,-96.0,-64.0,-80.0,-64.0,-80.0,-56.0,9,0
p,9,-80.0,-56.0,40.0,-96.0,-56.0,40.0,-96.0,-64.0,40.0,-80.0,-56.0,-96.0,-56.0,-96.0,-64.0,9,0
p,9,-80.0,-64.0,40.0,-40.0,-64.0,40.0,-40.0,-40.0,40.0,-80.0,-64.0,-40.0,-64.0,-40.0,-40.0,9,0
p,9,-40.0,-40.0,40.0,-80.0,-40.0,40.0,-80.0,-64.0,40.0,-40.0,-40.0,-80.0,-40.0,-80.0,-64.0,9,0
p,9,-96.0,-64.0,40.0,-96.0,-40.0,40.0,-152.0,-40.0,40.0,-96.0,-64.0,-96.0,-40.0,-152.0,-40.0,9,0
p,9,-152.0,-40.0,40.0,-152.0,-64.0,40.0,-96.0,-64.0,40.0,-152.0,-40.0,-152.0,-64.0,-96.0,-64.0,9,0
p,9,-40.0,-64.0,40.0,-40.0,-64.0,152.0,-40.0,-40.0,152.0,40.0,-64.0,152.0,-64.0,152.0,-40.0,9,0
p,9,-40.0,-40.0,152.0,-40.0,-40.0,40.0,-40.0,-64.0,40.0,152.0,-40.0,40.0,-40.0,40.0,-64.0,9,0
p,9,-40.0,-64.0,152.0,-40.0,-64.0,168.0,-40.0,-56.0,168.0,152.0,-64.0,168.0,-64.0,168.0,-56.0,9,0
p,9,-40.0,-56.0,168.0,-40.0,-56.0,152.0,-40.0,-64.0,152.0,168.0,-56.0,152.0,-56.0,152.0,-64.0,9,0
p,9,-40.0,-64.0,168.0,-40.0,-64.0,248.0,-40.0,-40.0,248.0,168.0,-64.0,248.0,-64.0,248.0,-40.0,9,0
p,9,-40.0,-40.0,248.0,-40.0,-40.0,168.0,-40.0,-64.0,168.0,248.0,-40.0,168.0,-40.0,168.0,-64.0,9,0
p,9,-40.0,-64.0,248.0,-152.0,-64.0,248.0,-152.0,-40.0,248.0,55.0,-64.0,167.0,-64.0,167.0,-40.0,9,0
p,9,-152.0,-40.0,248.0,-40.0,-40.0,248.0,-40.0,-64.0,248.0,167.0,-40.0,55.0,-40.0,55.0,-64.0,9,0
p,9,-152.0,-64.0,248.0,-152.0,-64.0,40.0,-152.0,-40.0,40.0,-233.0,-64.0,-25.0,-64.0,-25.0,-40.0,9,0
p,9,-152.0,-40.0,40.0,-152.0,-40.0,248.0,-152.0,-64.0,248.0,-25.0,-40.0,-233.0,-40.0,-233.0,-64.0,9,0
p,8,-96.0,-56.0,32.0,-80.0,-56.0,40.0,-80.0,-56.0,32.0,-96.0,32.0,-80.0,40.0,-80.0,32.0,8,0
p,8,-80.0,-56.0,40.0,-96.0,-56.0,32.0,-96.0,-56.0,40.0,-80.0,40.0,-96.0,32.0,-96.0,40.0,8,0
p,8,-80.0,-56.0,40.0,-80.0,-40.0,40.0,-80.0,-40.0,32.0,40.0,-56.0,40.0,-40.0,32.0,-40.0,8,0
p,8,-80.0,-40.0,32.0,-80.0,-56.0,32.0,-80.0,-56.0,40.0,32.0,-40.0,32.0,-56.0,40.0,-56.0,8,0
p,8,-96.0,-56.0,40.0,-96.0,-56.0,32.0,-96.0,-40.0,32.0,-25.0,-56.0,-17.0,-56.0,-17.0,-40.0,8,0
p,8,-96.0,-40.0,32.0,-96.0,-40.0,40.0,-96.0,-56.0,40.0,-17.0,-40.0,-25.0,-40.0,-25.0,-56.0,8,0
p,8,-40.0,-56.0,152.0,-32.0,-56.0,152.0,-32.0,-40.0,152.0,-40.0,-56.0,-32.0,-56.0,-32.0,-40.0,8,0
p,8,-32.0,-40.0,152.0,-40.0,-40.0,152.0,-40.0,-56.0,152.0,-32.0,-40.0,-40.0,-40.0,-40.0,-56.0,8,0
p,8,-32.0,-56.0,152.0,-40.0,-56.0,168.0,-32.0,-56.0,168.0,-32.0,152.0,-40.0,168.0,-32.0,168.0,8,0
p,8,-40.0,-56.0,168.0,-32.0,-56.0,152.0,-40.0,-56.0,152.0,-40.0,168.0,-32.0,152.0,-40.0,152.0,8,0
p,8,-32.0,-56.0,168.0,-40.0,-56.0,168.0,-40.0,-40.0,168.0,47.0,-56.0,55.0,-56.0,55.0,-40.0,8,0
p,8,-40.0,-40.0,168.0,-32.0,-40.0,168.0,-32.0,-56.0,168.0,55.0,-40.0,47.0,-40.0,47.0,-56.0,8,0
p,3,-32.0,-48.0,248.0,-32.0,-48.0,232.0,-16.0,-48.0,232.0,-32.0,248.0,-32.0,232.0,-16.0,232.0,3,0
p,3,-16.0,-48.0,232.0,-16.0,-48.0,248.0,-32.0,-48.0,248.0,-16.0,232.0,-16.0,248.0,-32.0,248.0,3,0
p,3,-32.0,-48.0,232.0,-32.0,-40.0,216.0,-16.0,-40.0,216.0,-32.0,232.0,-32.0,216.0,-16.0,216.0,3,0
p,3,-16.0,-40.0,216.0,-16.0,-48.0,232.0,-32.0,-48.0,232.0,-16.0,216.0,-16.0,232.0,-32.0,232.0,3,0
p,3,-16.0,-48.0,232.0,-16.0,-40.0,216.0,-16.0,-40.0,232.0,-217.0,-48.0,-201.0,-40.0,-217.0,-40.0,3,0
p,8,152.0,-64.0,248.0,16.0,-64.0,-88.0,16.0,-64.0,248.0,152.0,248.0,16.0,-88.0,16.0,248.0,8,0
p,8,16.0,-64.0,-88.0,152.0,-64.0,248.0,152.0,-64.0,-88.0,16.0,-88.0,152.0,248.0,152.0,-88.0,8,0
p,8,16.0,-64.0,232.0,-152.0,-64.0,-88.0,-152.0,-64.0,232.0,16.0,232.0,-152.0,-88.0,-152.0,232.0,8,0
p,8,16.0,-64.0,232.0,16.0,-64.0,-88.0,-152.0,-64.0,-88.0,16.0,232.0,16.0,-88.0,-152.0,-88.0,8,0
p,8,-152.0,-64.0,232.0,-32.0,-64.0,248.0,-32.0,-64.0,232.0,-152.0,232.0,-32.0,248.0,-32.0,232.0,8,0
p,8,-32.0,-64.0,248.0,-152.0,-64.0,232.0,-152.0,-64.0,248.0,-32.0,248.0,-152.0,232.0,-152.0,248.0,8,0
p,3,-32.0,-72.0,248.0,-32.0,-72.0,232.0,-32.0,-64.0,232.0,-233.0,-72.0,-217.0,-72.0,-217.0,-64.0,3,0
p,3,-32.0,-64.0,232.0,-32.0,-64.0,248.0,-32.0,-72.0,248.0,-217.0,-64.0,-233.0,-64.0,-233.0,-72.0,3,0
p,3,32.0,-72.0,248.0,-16.0,-48.0,248.0,-16.0,-48.0,232.0,32.0,248.0,-16.0,248.0,-16.0,232.0,3,0
p,3,32.0,-72.0,248.0,-16.0,-48.0,232.0,32.0,-72.0,232.0,32.0,248.0,-16.0,232.0,32.0,232.0,3,0
p,3,-32.0,-72.0,232.0,32.0,-72.0,232.0,32.0,-64.0,232.0,-32.0,-72.0,32.0,-72.0,32.0,-64.0,3,0
p,3,32.0,-64.0,232.0,-32.0,-64.0,232.0,-32.0,-72.0,232.0,32.0,-64.0,-32.0,-64.0,-32.0,-72.0,3,0
p,3,16.0,-64.0,232.0,-16.0,-48.0,232.0,-16.0,-40.0,232.0,-1.0,-64.0,31.0,-48.0,31.0,-40.0,3,0
p,3,-16.0,-40.0,232.0,16.0,-40.0,232.0,16.0,-64.0,232.0,31.0,-40.0,-1.0,-40.0,-1.0,-64.0,3,0
p,3,16.0,-64.0,248.0,16.0,-64.0,232.0,16.0,-40.0,232.0,-233.0,-64.0,-217.0,-64.0,-217.0,-40.0,3,0
p,3,16.0,-40.0,232.0,16.0,-40.0,248.0,16.0,-64.0,248.0,-217.0,-40.0,-233.0,-40.0,-233.0,-64.0,3,0
p,3,32.0,-72.0,248.0,-32.0,-72.0,248.0,-32.0,-64.0,248.0,-17.0,-72.0,47.0,-72.0,47.0,-64.0,3,0
p,3,-32.0,-64.0,248.0,32.0,-64.0,248.0,32.0,-72.0,248.0,47.0,-64.0,-17.0,-64.0,-17.0,-72.0,3,0
p,5,160.0,-72.0,256.0,-160.0,-72.0,256.0,-160.0,-72.0,248.0,160.0,256.0,-160.0,256.0,-160.0,248.0,5,0
p,5,-160.0,-72.0,248.0,160.0,-72.0,248.0,160.0,-72.0,256.0,-160.0,248.0,160.0,248.0,160.0,256.0,5,0
p,5,160.0,-72.0,248.0,32.0,-72.0,248.0,32.0,-72.0,-96.0,160.0,248.0,32.0,248.0,32.0,-96.0,5,0
p,5,32.0,-72.0,-96.0,160.0,-72.0,-96.0,160.0,-72.0,248.0,32.0,-96.0,160.0,-96.0,160.0,248.0,5,0
p,5,-32.0,-72.0,248.0,-160.0,-72.0,248.0,-160.0,-72.0,-96.0,-32.0,248.0,-160.0,248.0,-160.0,-96.0,5,0
p,5,-160.0,-72.0,-96.0,-32.0,-72.0,-96.0,-32.0,-72.0,248.0,-160.0,-96.0,-32.0,-96.0,-32.0,248.0,5,0
p,5,-32.0,-72.0,-96.0,32.0,-72.0,-96.0,32.0,-72.0,232.0,-32.0,-96.0,32.0,-96.0,32.0,232.0,5,0
p,5,32.0,-72.0,232.0,-32.0,-72.0,232.0,-32.0,-72.0,-96.0,32.0,232.0,-32.0,232.0,-32.0,-96.0,5,0
p,5,64.0,16.0,0.0,48.0,16.0,0.0,48.0,32.0,0.0,-49.0,16.0,-33.0,16.0,-33.0,32.0,5,0
p,5,48.0,32.0,0.0,64.0,32.0,0.0,64.0,16.0,0.0,-33.0,32.0,-49.0,32.0,-49.0,16.0,5,0
p,5,48.0,16.0,0.0,48.0,16.0,16.0,48.0,32.0,16.0,0.0,16.0,16.0,16.0,16.0,32.0,5,0
p,5,48.0,32.0,16.0,48.0,32.0,0.0,48.0,16.0,0.0,16.0,32.0,0.0,32.0,0.0,16.0,5,0
p,5,64.0,16.0,16.0,48.0,16.0,16.0,48.0,16.0,0.0,64.0,16.0,48.0,16.0,48.0,0.0,5,0
p,5,48.0,16.0,0.0,64.0,16.0,0.0,64.0,16.0,16.0,48.0,0.0,64.0,0.0,64.0,16.0,5,0
p,5,64.0,16.0,16.0,64.0,16.0,0.0,64.0,32.0,0.0,-1.0,16.0,15.0,16.0,15.0,32.0,5,0
p,5,64.0,32.0,0.0,64.0,32.0,16.0,64.0,16.0,16.0,15.0,32.0,-1.0,32.0,-1.0,16.0,5,0
p,5,48.0,16.0,16.0,64.0,16.0,16.0,64.0,32.0,16.0,48.0,16.0,64.0,16.0,64.0,32.0,5,0
p,5,64.0,32.0,16.0,48.0,32.0,16.0,48.0,16.0,16.0,64.0,32.0,48.0,32.0,48.0,16.0,5,0
p,5,40.0,24.0,8.0,56.0,24.0,8.0,56.0,24.0,24.0,40.0,8.0,56.0,8.0,56.0,24.0,5,0
p,5,56.0,24.0,24.0,40.0,24.0,24.0,40.0,24.0,8.0,56.0,24.0,40.0,24.0,40.0,8.0,5,0
p,5,40.0,24.0,24.0,56.0,24.0,24.0,56.0,32.0,24.0,40.0,24.0,56.0,24.0,56.0,32.0,5,0
p,5,56.0,32.0,24.0,40.0,32.0,24.0,40.0,24.0,24.0,56.0,32.0,40.0,32.0,40.0,24.0,5,0
p,5,40.0,24.0,8.0,40.0,24.0,24.0,40.0,32.0,24.0,8.0,24.0,24.0,24.0,24.0,32.0,5,0
p,5,40.0,32.0,24.0,40.0,32.0,8.0,40.0,24.0,8.0,24.0,32.0,8.0,32.0,8.0,24.0,5,0
p,5,48.0,24.0,8.0,40.0,24.0,8.0,40.0,32.0,8.0,-33.0,24.0,-25.0,24.0,-25.0,32.0,5,0
p,5,40.0,32.0,8.0,48.0,32.0,8.0,48.0,24.0,8.0,-25.0,32.0,-33.0,32.0,-33.0,24.0,5,0
p,5,56.0,24.0,16.0,56.0,32.0,16.0,56.0,32.0,24.0,-1.0,24.0,-1.0,32.0,-9.0,32.0,5,0
p,5,56.0,32.0,24.0,56.0,24.0,24.0,56.0,24.0,16.0,-9.0,32.0,-9.0,24.0,-1.0,24.0,5,0
p,5,96.0,24.0,64.0,112.0,24.0,64.0,112.0,24.0,80.0,96.0,64.0,112.0,64.0,112.0,80.0,5,0
p,5,112.0,24.0,80.0,96.0,24.0,80.0,96.0,24.0,64.0,112.0,80.0,96.0,80.0,96.0,64.0,5,0
p,5,96.0,24.0,80.0,112.0,24.0,80.0,112.0,32.0,80.0,96.0,24.0,112.0,24.0,112.0,32.0,5,0
p,5,112.0,32.0,80.0,96.0,32.0,80.0,96.0,24.0,80.0,112.0,32.0,96.0,32.0,96.0,24.0,5,0
p,5,96.0,24.0,80.0,96.0,32.0,80.0,96.0,32.0,64.0,80.0,24.0,80.0,32.0,64.0,32.0,5,0
p,5,96.0,32.0,64.0,96.0,24.0,64.0,96.0,24.0,80.0,64.0,32.0,64.0,24.0,80.0,24.0,5,0
p,5,112.0,24.0,64.0,96.0,24.0,64.0,96.0,32.0,64.0,-97.0,24.0,-81.0,24.0,-81.0,32.0,5,0
p,5,96.0,32.0,64.0,112.0,32.0,64.0,112.0,24.0,64.0,-81.0,32.0,-97.0,32.0,-97.0,24.0,5,0
p,5,112.0,24.0,64.0,112.0,32.0,64.0,112.0,32.0,80.0,-49.0,24.0,-49.0,32.0,-65.0,32.0,5,0
p,5,112.0,32.0,80.0,112.0,24.0,80.0,112.0,24.0,64.0,-65.0,32.0,-65.0,24.0,-49.0,24.0,5,0
p,3,-128.0,-8.0,-96.0,-128.0,-8.0,-40.0,-128.0,0.0,-40.0,-96.0,-8.0,-40.0,-8.0,-40.0,0.0,3,0
p,3,-128.0,0.0,-40.0,-128.0,0.0,-96.0,-128.0,-8.0,-96.0,-40.0,0.0,-96.0,0.0,-96.0,-8.0,3,0
p,3,-144.0,-8.0,-40.0,-144.0,-8.0,-96.0,-144.0,24.0,-96.0,55.0,-8.0,111.0,-8.0,111.0,24.0,3,0
p,3,-144.0,24.0,-96.0,-144.0,24.0,-40.0,-144.0,-8.0,-40.0,111.0,24.0,55.0,24.0,55.0,-8.0,3,0
p,8,-144.0,-8.0,-96.0,-128.0,-8.0,-64.0,-128.0,-8.0,-96.0,-144.0,-96.0,-128.0,-64.0,-128.0,-96.0,8,0
p,8,-128.0,-8.0,-64.0,-144.0,-8.0,-96.0,-144.0,-8.0,-64.0,-128.0,-64.0,-144.0,-96.0,-144.0,-64.0,8,0
