0.0,-8.0,296.0
p,0,-512.0,0.0,-512.0,512.0,0.0,-512.0,512.0,0.0,512.0,-512.0,-512.0,512.0,-512.0,512.0,512.0,0,0
p,0,512.0,0.0,512.0,-512.0,0.0,512.0,-512.0,0.0,-512.0,512.0,512.0,-512.0,512.0,-512.0,-512.0,0,0
p,1,-192.0,-8.0,192.0,192.0,-8.0,192.0,192.0,0.0,192.0,-192.0,-8.0,192.0,-8.0,192.0,0.0,1,0
p,1,192.0,0.0,192.0,-192.0,0.0,192.0,-192.0,-8.0,192.0,192.0,0.0,-192.0,0.0,-192.0,-8.0,1,0
p,1,-192.0,-8.0,192.0,-192.0,0.0,192.0,-192.0,0.0,-192.0,192.0,-8.0,192.0,0.0,-192.0,0.0,1,0
p,1,-192.0,0.0,-192.0,-192.0,-8.0,-192.0,-192.0,-8.0,192.0,-192.0,0.0,-192.0,-8.0,192.0,-8.0,1,0
p,1,-192.0,-8.0,-192.0,-192.0,0.0,-192.0,192.0,0.0,-192.0,207.0,-8.0,207.0,0.0,-177.0,0.0,1,0
p,1,192.0,0.0,-192.0,192.0,-8.0,-192.0,-192.0,-8.0,-192.0,-177.0,0.0,-177.0,-8.0,207.0,-8.0,1,0
p,1,192.0,-8.0,-192.0,192.0,0.0,-192.0,192.0,0.0,192.0,207.0,-8.0,207.0,0.0,-177.0,0.0,1,0
p,1,192.0,0.0,192.0,192.0,-8.0,192.0,192.0,-8.0,-192.0,-177.0,0.0,-177.0,-8.0,207.0,-8.0,1,0
p,3,-32.0,-8.0,192.0,32.0,-8.0,192.0,32.0,-8.0,224.0,-32.0,192.0,32.0,192.0,32.0,224.0,3,0
p,3,32.0,-8.0,224.0,-32.0,-8.0,224.0,-32.0,-8.0,192.0,32.0,224.0,-32.0,224.0,-32.0,192.0,3,0
p,3,-8.0,-8.0,224.0,8.0,-8.0,224.0,8.0,0.0,240.0,-8.0,224.0,8.0,224.0,8.0,240.0,3,0
p,3,8.0,0.0,240.0,-8.0,0.0,240.0,-8.0,-8.0,224.0,8.0,240.0,-8.0,240.0,-8.0,224.0,3,0
p,3,8.0,-8.0,224.0,32.0,-8.0,224.0,32.0,0.0,224.0,8.0,-8.0,32.0,-8.0,32.0,0.0,3,0
p,3,32.0,0.0,224.0,8.0,0.0,224.0,8.0,-8.0,224.0,32.0,0.0,8.0,0.0,8.0,-8.0,3,0
p,3,8.0,-8.0,224.0,8.0,0.0,224.0,8.0,0.0,240.0,-209.0,-8.0,-209.0,0.0,-225.0,0.0,3,0
p,3,-8.0,0.0,240.0,-8.0,0.0,224.0,-8.0,-8.0,224.0,240.0,0.0,224.0,0.0,224.0,-8.0,3,0
p,3,-32.0,-8.0,224.0,-8.0,-8.0,224.0,-8.0,0.0,224.0,-32.0,-8.0,-8.0,-8.0,-8.0,0.0,3,0
p,3,-8.0,0.0,224.0,-32.0,0.0,224.0,-32.0,-8.0,224.0,-8.0,0.0,-32.0,0.0,-32.0,-8.0,3,0
p,3,-32.0,-8.0,224.0,-32.0,0.0,224.0,-32.0,0.0,192.0,224.0,-8.0,224.0,0.0,192.0,0.0,3,0
p,3,-32.0,0.0,192.0,-32.0,-8.0,192.0,-32.0,-8.0,224.0,192.0,0.0,192.0,-8.0,224.0,-8.0,3,0
p,3,32.0,-8.0,224.0,32.0,-8.0,192.0,32.0,0.0,192.0,-209.0,-8.0,-177.0,-8.0,-177.0,0.0,3,0
p,3,32.0,0.0,192.0,32.0,0.0,224.0,32.0,-8.0,224.0,-177.0,0.0,-209.0,0.0,-209.0,-8.0,3,0
p,8,-136.0,-16.0,192.0,-104.0,-16.0,192.0,-104.0,-8.0,192.0,-136.0,-16.0,-104.0,-16.0,-104.0,-8.0,8,0
p,8,-104.0,-8.0,192.0,-136.0,-8.0,192.0,-136.0,-16.0,192.0,-104.0,-8.0,-136.0,-8.0,-136.0,-16.0,8,0
p,8,104.0,-16.0,192.0,136.0,-16.0,192.0,136.0,-8.0,192.0,104.0,-16.0,136.0,-16.0,136.0,-8.0,8,0
p,8,136.0,-8.0,192.0,104.0,-8.0,192.0,104.0,-16.0,192.0,136.0,-8.0,104.0,-8.0,104.0,-16.0,8,0
p,3,-192.0,-8.0,-64.0,192.0,-8.0,-64.0,192.0,-8.0,192.0,-192.0,-64.0,192.0,-64.0,192.0,192.0,3,0
p,3,192.0,-8.0,192.0,-192.0,-8.0,192.0,-192.0,-8.0,-64.0,192.0,192.0,-192.0,192.0,-192.0,-64.0,3,0
p,3,-192.0,-8.0,-192.0,-128.0,-8.0,-192.0,-128.0,-8.0,-64.0,-192.0,-192.0,-128.0,-192.0,-128.0,-64.0,3,0
p,3,-128.0,-8.0,-64.0,-192.0,-8.0,-64.0,-192.0,-8.0,-192.0,-128.0,-64.0,-192.0,-64.0,-192.0,-192.0,3,0
p,3,0.0,-8.0,-192.0,192.0,-8.0,-192.0,192.0,-8.0,-64.0,0.0,-192.0,192.0,-192.0,192.0,-64.0,3,0
p,3,192.0,-8.0,-64.0,0.0,-8.0,-64.0,0.0,-8.0,-192.0,192.0,-64.0,0.0,-64.0,0.0,-192.0,3,0
p,4,-128.0,-8.0,-192.0,0.0,-8.0,-192.0,0.0,-8.0,-64.0,-128.0,-192.0,0.0,-192.0,0.0,-64.0,4,0
p,4,0.0,-8.0,-64.0,-128.0,-8.0,-64.0,-128.0,-8.0,-192.0,0.0,-64.0,-128.0,-64.0,-128.0,-192.0,4,0
p,8,-192.0,-32.0,-64.0,-168.0,-32.0,-64.0,-168.0,-8.0,-64.0,-192.0,-32.0,-168.0,-32.0,-168.0,-8.0,8,0
p,8,-168.0,-8.0,-64.0,-192.0,-8.0,-64.0,-192.0,-32.0,-64.0,-168.0,-8.0,-192.0,-8.0,-192.0,-32.0,8,0
p,8,-152.0,-24.0,-64.0,-168.0,-24.0,-64.0,-168.0,-32.0,-64.0,-152.0,-24.0,-168.0,-24.0,-168.0,-32.0,8,0
p,8,-168.0,-32.0,-64.0,-152.0,-32.0,-64.0,-152.0,-24.0,-64.0,-168.0,-32.0,-152.0,-32.0,-152.0,-24.0,8,0
p,8,-152.0,-32.0,-64.0,88.0,-32.0,-64.0,88.0,-8.0,-64.0,-152.0,-32.0,88.0,-32.0,88.0,-8.0,8,0
p,8,88.0,-8.0,-64.0,-152.0,-8.0,-64.0,-152.0,-32.0,-64.0,88.0,-8.0,-152.0,-8.0,-152.0,-32.0,8,0
p,8,88.0,-32.0,-64.0,104.0,-32.0,-64.0,104.0,-24.0,-64.0,88.0,-32.0,104.0,-32.0,104.0,-24.0,8,0
p,8,104.0,-24.0,-64.0,88.0,-24.0,-64.0,88.0,-32.0,-64.0,104.0,-24.0,88.0,-24.0,88.0,-32.0,8,0
p,8,104.0,-32.0,-64.0,192.0,-32.0,-64.0,192.0,-8.0,-64.0,104.0,-32.0,192.0,-32.0,192.0,-8.0,8,0
p,8,192.0,-8.0,-64.0,104.0,-8.0,-64.0,104.0,-32.0,-64.0,192.0,-8.0,104.0,-8.0,104.0,-32.0,8,0
p,8,104.0,-16.0,-192.0,136.0,-16.0,-192.0,136.0,-8.0,-192.0,104.0,-16.0,136.0,-16.0,136.0,-8.0,8,0
p,8,136.0,-8.0,-192.0,104.0,-8.0,-192.0,104.0,-16.0,-192.0,136.0,-8.0,104.0,-8.0,104.0,-16.0,8,0
p,8,-56.0,-16.0,-192.0,-56.0,-8.0,-192.0,-88.0,-8.0,-192.0,-56.0,-16.0,-56.0,-8.0,-88.0,-8.0,8,0
p,8,-88.0,-8.0,-192.0,-88.0,-16.0,-192.0,-56.0,-16.0,-192.0,-88.0,-8.0,-88.0,-16.0,-56.0,-16.0,8,0
p,8,0.0,-32.0,-192.0,0.0,-32.0,-112.0,0.0,-8.0,-112.0,-192.0,-32.0,-112.0,-32.0,-112.0,-8.0,8,0
p,8,0.0,-8.0,-112.0,0.0,-8.0,-192.0,0.0,-32.0,-192.0,-112.0,-8.0,-192.0,-8.0,-192.0,-32.0,8,0
p,8,0.0,-32.0,-112.0,0.0,-32.0,-80.0,0.0,-24.0,-80.0,-112.0,-32.0,-80.0,-32.0,-80.0,-24.0,8,0
p,8,0.0,-24.0,-80.0,0.0,-24.0,-112.0,0.0,-32.0,-112.0,-80.0,-24.0,-112.0,-24.0,-112.0,-32.0,8,0
p,8,0.0,-32.0,-80.0,0.0,-32.0,-64.0,0.0,-8.0,-64.0,-80.0,-32.0,-64.0,-32.0,-64.0,-8.0,8,0
p,8,0.0,-8.0,-64.0,0.0,-8.0,-80.0,0.0,-32.0,-80.0,-64.0,-8.0,-80.0,-8.0,-80.0,-32.0,8,0
p,8,-128.0,-32.0,-64.0,-128.0,-32.0,-80.0,-128.0,-8.0,-80.0,79.0,-32.0,95.0,-32.0,95.0,-8.0,8,0
p,8,-128.0,-8.0,-80.0,-128.0,-8.0,-64.0,-128.0,-32.0,-64.0,95.0,-8.0,79.0,-8.0,79.0,-32.0,8,0
p,8,-128.0,-32.0,-80.0,-128.0,-32.0,-96.0,-128.0,-24.0,-96.0,95.0,-32.0,111.0,-32.0,111.0,-24.0,8,0
p,8,-128.0,-24.0,-96.0,-128.0,-24.0,-80.0,-128.0,-32.0,-80.0,111.0,-24.0,95.0,-24.0,95.0,-32.0,8,0
p,8,-128.0,-32.0,-96.0,-128.0,-32.0,-192.0,-128.0,-8.0,-192.0,111.0,-32.0,207.0,-32.0,207.0,-8.0,8,0
p,8,-128.0,-8.0,-192.0,-128.0,-8.0,-96.0,-128.0,-32.0,-96.0,207.0,-8.0,111.0,-8.0,111.0,-32.0,8,0
p,2,-128.0,-16.0,-192.0,0.0,-16.0,-192.0,0.0,-16.0,-176.0,-128.0,-192.0,0.0,-192.0,0.0,-176.0,2,0
p,2,0.0,-16.0,-176.0,-128.0,-16.0,-176.0,-128.0,-16.0,-192.0,0.0,-176.0,-128.0,-176.0,-128.0,-192.0,2,0
p,2,-128.0,-16.0,-176.0,-112.0,-16.0,-176.0,-112.0,-16.0,-128.0,-128.0,-176.0,-112.0,-176.0,-112.0,-128.0,2,0
p,2,-112.0,-16.0,-128.0,-128.0,-16.0,-128.0,-128.0,-16.0,-176.0,-112.0,-128.0,-128.0,-128.0,-128.0,-176.0,2,0
p,2,-112.0,-16.0,-128.0,-112.0,-8.0,-128.0,-128.0,-8.0,-128.0,-112.0,-16.0,-112.0,-8.0,-128.0,-8.0,2,0
p,2,-128.0,-8.0,-128.0,-128.0,-16.0,-128.0,-112.0,-16.0,-128.0,-128.0,-8.0,-128.0,-16.0,-112.0,-16.0,2,0
p,2,-112.0,-16.0,-128.0,-112.0,-16.0,-176.0,-112.0,-8.0,-176.0,143.0,-16.0,191.0,-16.0,191.0,-8.0,2,0
p,2,-112.0,-8.0,-176.0,-112.0,-8.0,-128.0,-112.0,-16.0,-128.0,191.0,-8.0,143.0,-8.0,143.0,-16.0,2,0
p,2,-112.0,-16.0,-176.0,-16.0,-16.0,-176.0,-16.0,-8.0,-176.0,-112.0,-16.0,-16.0,-16.0,-16.0,-8.0,2,0
p,2,-16.0,-8.0,-176.0,-112.0,-8.0,-176.0,-112.0,-16.0,-176.0,-16.0,-8.0,-112.0,-8.0,-112.0,-16.0,2,0
p,2,0.0,-16.0,-176.0,0.0,-16.0,-128.0,-16.0,-16.0,-128.0,0.0,-176.0,0.0,-128.0,-16.0,-128.0,2,0
p,2,-16.0,-16.0,-128.0,-16.0,-16.0,-176.0,0.0,-16.0,-176.0,-16.0,-128.0,-16.0,-176.0,0.0,-176.0,2,0
p,2,-16.0,-16.0,-176.0,-16.0,-16.0,-128.0,-16.0,-8.0,-128.0,-176.0,-16.0,-128.0,-16.0,-128.0,-8.0,2,0
p,2,-16.0,-8.0,-128.0,-16.0,-8.0,-176.0,-16.0,-16.0,-176.0,-128.0,-8.0,-176.0,-8.0,-176.0,-16.0,2,0
p,2,-16.0,-16.0,-128.0,0.0,-16.0,-128.0,0.0,-8.0,-128.0,-16.0,-16.0,0.0,-16.0,0.0,-8.0,2,0
p,2,0.0,-8.0,-128.0,-16.0,-8.0,-128.0,-16.0,-16.0,-128.0,0.0,-8.0,-16.0,-8.0,-16.0,-16.0,2,0
p,5,-40.0,-32.0,-192.0,-40.0,-32.0,-184.0,-40.0,-24.0,-184.0,-192.0,-32.0,-184.0,-32.0,-184.0,-24.0,5,0
p,5,-40.0,-24.0,-184.0,-40.0,-24.0,-192.0,-40.0,-32.0,-192.0,-184.0,-24.0,-192.0,-24.0,-192.0,-32.0,5,0
p,5,-40.0,-32.0,-184.0,-8.0,-32.0,-184.0,-8.0,-24.0,-184.0,-40.0,-32.0,-8.0,-32.0,-8.0,-24.0,5,0
p,5,-8.0,-24.0,-184.0,-40.0,-24.0,-184.0,-40.0,-32.0,-184.0,-8.0,-24.0,-40.0,-24.0,-40.0,-32.0,5,0
p,5,-8.0,-32.0,-184.0,-8.0,-32.0,-160.0,-8.0,-24.0,-160.0,-184.0,-32.0,-160.0,-32.0,-160.0,-24.0,5,0
p,5,-8.0,-24.0,-160.0,-8.0,-24.0,-184.0,-8.0,-32.0,-184.0,-160.0,-24.0,-184.0,-24.0,-184.0,-32.0,5,0
p,5,-8.0,-32.0,-160.0,0.0,-32.0,-160.0,0.0,-24.0,-160.0,-8.0,-32.0,0.0,-32.0,0.0,-24.0,5,0
p,5,0.0,-24.0,-160.0,-8.0,-24.0,-160.0,-8.0,-32.0,-160.0,0.0,-24.0,-8.0,-24.0,-8.0,-32.0,5,0
p,8,-40.0,-24.0,-192.0,0.0,-24.0,-184.0,0.0,-24.0,-192.0,-40.0,-192.0,0.0,-184.0,0.0,-192.0,8,0
p,8,0.0,-24.0,-184.0,-40.0,-24.0,-192.0,-40.0,-24.0,-184.0,0.0,-184.0,-40.0,-192.0,-40.0,-184.0,8,0
p,8,-8.0,-24.0,-184.0,0.0,-24.0,-160.0,0.0,-24.0,-184.0,-8.0,-184.0,0.0,-160.0,0.0,-184.0,8,0
p,8,0.0,-24.0,-160.0,-8.0,-24.0,-184.0,-8.0,-24.0,-160.0,0.0,-160.0,-8.0,-184.0,-8.0,-160.0,8,0
p,5,-104.0,-32.0,-184.0,-104.0,-32.0,-192.0,-104.0,-24.0,-192.0,199.0,-32.0,207.0,-32.0,207.0,-24.0,5,0
p,5,-104.0,-24.0,-192.0,-104.0,-24.0,-184.0,-104.0,-32.0,-184.0,207.0,-24.0,199.0,-24.0,199.0,-32.0,5,0
p,5,-120.0,-32.0,-184.0,-104.0,-32.0,-184.0,-104.0,-24.0,-184.0,-120.0,-32.0,-104.0,-32.0,-104.0,-24.0,5,0
p,5,-104.0,-24.0,-184.0,-120.0,-24.0,-184.0,-120.0,-32.0,-184.0,-104.0,-24.0,-120.0,-24.0,-120.0,-32.0,5,0
p,5,-120.0,-32.0,-184.0,-120.0,-24.0,-184.0,-120.0,-24.0,-160.0,199.0,-32.0,199.0,-24.0,175.0,-24.0,5,0
p,5,-120.0,-24.0,-160.0,-120.0,-32.0,-160.0,-120.0,-32.0,-184.0,175.0,-24.0,175.0,-32.0,199.0,-32.0,5,0
p,5,-120.0,-32.0,-160.0,-120.0,-24.0,-160.0,-128.0,-24.0,-160.0,-120.0,-32.0,-120.0,-24.0,-128.0,-24.0,5,0
p,5,-128.0,-24.0,-160.0,-128.0,-32.0,-160.0,-120.0,-32.0,-160.0,-128.0,-24.0,-128.0,-32.0,-120.0,-32.0,5,0
p,8,-128.0,-24.0,-192.0,-104.0,-24.0,-184.0,-104.0,-24.0,-192.0,-128.0,-192.0,-104.0,-184.0,-104.0,-192.0,8,0
p,8,-104.0,-24.0,-184.0,-128.0,-24.0,-192.0,-128.0,-24.0,-184.0,-104.0,-184.0,-128.0,-192.0,-128.0,-184.0,8,0
p,8,-128.0,-24.0,-184.0,-120.0,-24.0,-160.0,-120.0,-24.0,-184.0,-128.0,-184.0,-120.0,-160.0,-120.0,-184.0,8,0
p,8,-120.0,-24.0,-160.0,-128.0,-24.0,-184.0,-128.0,-24.0,-160.0,-120.0,-160.0,-128.0,-184.0,-128.0,-160.0,8,0
p,8,-48.0,-32.0,192.0,-48.0,-32.0,120.0,-48.0,-8.0,120.0,-177.0,-32.0,-105.0,-32.0,-105.0,-8.0,8,0
p,8,-48.0,-8.0,120.0,-48.0,-8.0,192.0,-48.0,-32.0,192.0,-105.0,-8.0,-177.0,-8.0,-177.0,-32.0,8,0
p,8,48.0,-32.0,192.0,48.0,-32.0,120.0,48.0,-8.0,120.0,-177.0,-32.0,-105.0,-32.0,-105.0,-8.0,8,0
p,8,48.0,-8.0,120.0,48.0,-8.0,192.0,48.0,-32.0,192.0,-105.0,-8.0,-177.0,-8.0,-177.0,-32.0,8,0
p,8,48.0,-32.0,120.0,48.0,-32.0,104.0,48.0,-24.0,104.0,-105.0,-32.0,-89.0,-32.0,-89.0,-24.0,8,0
p,8,48.0,-24.0,104.0,48.0,-24.0,120.0,48.0,-32.0,120.0,-89.0,-24.0,-105.0,-24.0,-105.0,-32.0,8,0
p,8,-48.0,-32.0,120.0,-48.0,-32.0,104.0,-48.0,-24.0,104.0,-105.0,-32.0,-89.0,-32.0,-89.0,-24.0,8,0
p,8,-48.0,-24.0,104.0,-48.0,-24.0,120.0,-48.0,-32.0,120.0,-89.0,-24.0,-105.0,-24.0,-105.0,-32.0,8,0
p,8,-48.0,-32.0,104.0,-48.0,-32.0,8.0,-48.0,-8.0,8.0,-89.0,-32.0,7.0,-32.0,7.0,-8.0,8,0
p,8,-48.0,-8.0,8.0,-48.0,-8.0,104.0,-48.0,-32.0,104.0,7.0,-8.0,-89.0,-8.0,-89.0,-32.0,8,0
p,8,48.0,-32.0,104.0,48.0,-32.0,8.0,48.0,-8.0,8.0,-89.0,-32.0,7.0,-32.0,7.0,-8.0,8,0
p,8,48.0,-8.0,8.0,48.0,-8.0,104.0,48.0,-32.0,104.0,7.0,-8.0,-89.0,-8.0,-89.0,-32.0,8,0
p,8,-48.0,-32.0,8.0,16.0,-32.0,8.0,16.0,-8.0,8.0,-48.0,-32.0,16.0,-32.0,16.0,-8.0,8,0
p,8,16.0,-8.0,8.0,-48.0,-8.0,8.0,-48.0,-32.0,8.0,16.0,-8.0,-48.0,-8.0,-48.0,-32.0,8,0
p,8,16.0,-32.0,8.0,32.0,-32.0,8.0,32.0,-24.0,8.0,16.0,-32.0,32.0,-32.0,32.0,-24.0,8,0
p,8,32.0,-24.0,8.0,16.0,-24.0,8.0,16.0,-32.0,8.0,32.0,-24.0,16.0,-24.0,16.0,-32.0,8,0
p,8,32.0,-32.0,8.0,48.0,-32.0,8.0,48.0,-8.0,8.0,32.0,-32.0,48.0,-32.0,48.0,-8.0,8,0
p,8,48.0,-8.0,8.0,32.0,-8.0,8.0,32.0,-32.0,8.0,48.0,-8.0,32.0,-8.0,32.0,-32.0,8,0
p,8,48.0,-32.0,8.0,72.0,-32.0,8.0,72.0,-8.0,8.0,48.0,-32.0,72.0,-32.0,72.0,-8.0,8,0
p,8,72.0,-8.0,8.0,48.0,-8.0,8.0,48.0,-32.0,8.0,72.0,-8.0,48.0,-8.0,48.0,-32.0,8,0
p,8,72.0,-32.0,8.0,88.0,-32.0,8.0,88.0,-24.0,8.0,72.0,-32.0,88.0,-32.0,88.0,-24.0,8,0
p,8,88.0,-24.0,8.0,72.0,-24.0,8.0,72.0,-32.0,8.0,88.0,-24.0,72.0,-24.0,72.0,-32.0,8,0
p,8,88.0,-32.0,8.0,192.0,-32.0,8.0,192.0,-8.0,8.0,88.0,-32.0,192.0,-32.0,192.0,-8.0,8,0
p,8,192.0,-8.0,8.0,88.0,-8.0,8.0,88.0,-32.0,8.0,192.0,-8.0,88.0,-8.0,88.0,-32.0,8,0
p,8,-88.0,-32.0,8.0,-48.0,-32.0,8.0,-48.0,-8.0,8.0,-88.0,-32.0,-48.0,-32.0,-48.0,-8.0,8,0
p,8,-48.0,-8.0,8.0,-88.0,-8.0,8.0,-88.0,-32.0,8.0,-48.0,-8.0,-88.0,-8.0,-88.0,-32.0,8,0
p,8,-104.0,-32.0,8.0,-88.0,-32.0,8.0,-88.0,-24.0,8.0,-104.0,-32.0,-88.0,-32.0,-88.0,-24.0,8,0
p,8,-88.0,-24.0,8.0,-104.0,-24.0,8.0,-104.0,-32.0,8.0,-88.0,-24.0,-104.0,-24.0,-104.0,-32.0,8,0
p,8,-104.0,-32.0,8.0,-104.0,-8.0,8.0,-192.0,-8.0,8.0,-104.0,-32.0,-104.0,-8.0,-192.0,-8.0,8,0
p,8,-192.0,-8.0,8.0,-192.0,-32.0,8.0,-104.0,-32.0,8.0,-192.0,-8.0,-192.0,-32.0,-104.0,-32.0,8,0
p,3,0.0,-8.0,8.0,0.0,-8.0,24.0,-32.0,-16.0,24.0,0.0,8.0,0.0,24.0,-32.0,24.0,3,0
p,3,-32.0,-16.0,24.0,-32.0,-16.0,8.0,0.0,-8.0,8.0,-32.0,24.0,-32.0,8.0,0.0,8.0,3,0
p,3,-32.0,-16.0,24.0,0.0,-8.0,24.0,-32.0,-8.0,24.0,-32.0,-16.0,0.0,-8.0,-32.0,-8.0,3,0
p,3,-48.0,-16.0,8.0,-32.0,-16.0,8.0,-32.0,-16.0,24.0,-48.0,8.0,-32.0,8.0,-32.0,24.0,3,0
p,3,-32.0,-16.0,24.0,-48.0,-16.0,24.0,-48.0,-16.0,8.0,-32.0,24.0,-48.0,24.0,-48.0,8.0,3,0
p,3,-48.0,-16.0,24.0,-32.0,-16.0,24.0,-32.0,-32.0,72.0,-48.0,24.0,-32.0,24.0,-32.0,72.0,3,0
p,3,-32.0,-32.0,72.0,-48.0,-32.0,72.0,-48.0,-16.0,24.0,-32.0,72.0,-48.0,72.0,-48.0,24.0,3,0
p,3,-48.0,-32.0,72.0,-32.0,-32.0,72.0,-32.0,-8.0,72.0,-48.0,-32.0,-32.0,-32.0,-32.0,-8.0,3,0
p,3,-32.0,-8.0,72.0,-48.0,-8.0,72.0,-48.0,-32.0,72.0,-32.0,-8.0,-48.0,-8.0,-48.0,-32.0,3,0
p,3,-32.0,-32.0,72.0,-32.0,-16.0,24.0,-32.0,-8.0,24.0,-57.0,-32.0,-9.0,-16.0,-9.0,-8.0,3,0
p,3,-32.0,-8.0,24.0,-32.0,-8.0,72.0,-32.0,-32.0,72.0,-9.0,-8.0,-57.0,-8.0,-57.0,-32.0,3,0
p,3,-192.0,-32.0,72.0,192.0,-32.0,72.0,192.0,-32.0,192.0,-192.0,72.0,192.0,72.0,192.0,192.0,3,0
p,3,192.0,-32.0,192.0,-192.0,-32.0,192.0,-192.0,-32.0,72.0,192.0,192.0,-192.0,192.0,-192.0,72.0,3,0
p,3,-32.0,-32.0,24.0,192.0,-32.0,24.0,192.0,-32.0,72.0,-32.0,24.0,192.0,24.0,192.0,72.0,3,0
p,3,192.0,-32.0,72.0,-32.0,-32.0,72.0,-32.0,-32.0,24.0,192.0,72.0,-32.0,72.0,-32.0,24.0,3,0
p,3,-48.0,-32.0,-64.0,-48.0,-32.0,72.0,-192.0,-32.0,72.0,-48.0,-64.0,-48.0,72.0,-192.0,72.0,3,0
p,3,-192.0,-32.0,72.0,-192.0,-32.0,-64.0,-48.0,-32.0,-64.0,-192.0,72.0,-192.0,-64.0,-48.0,-64.0,3,0
p,3,-192.0,-32.0,-192.0,-128.0,-32.0,-192.0,-128.0,-32.0,-64.0,-192.0,-192.0,-128.0,-192.0,-128.0,-64.0,3,0
p,3,-128.0,-32.0,-64.0,-192.0,-32.0,-64.0,-192.0,-32.0,-192.0,-128.0,-64.0,-192.0,-64.0,-192.0,-192.0,3,0
p,4,-128.0,-32.0,-192.0,0.0,-32.0,-192.0,0.0,-32.0,-64.0,-128.0,-192.0,0.0,-192.0,0.0,-64.0,4,0
p,4,0.0,-32.0,-64.0,-128.0,-32.0,-64.0,-128.0,-32.0,-192.0,0.0,-64.0,-128.0,-64.0,-128.0,-192.0,4,0
p,3,0.0,-32.0,-192.0,192.0,-32.0,-192.0,192.0,-32.0,24.0,0.0,-192.0,192.0,-192.0,192.0,24.0,3,0
p,3,192.0,-32.0,24.0,0.0,-32.0,24.0,0.0,-32.0,-192.0,192.0,24.0,0.0,24.0,0.0,-192.0,3,0
p,3,0.0,-32.0,8.0,-48.0,-32.0,8.0,-48.0,-32.0,-64.0,0.0,8.0,-48.0,8.0,-48.0,-64.0,3,0
p,3,-48.0,-32.0,-64.0,0.0,-32.0,-64.0,0.0,-32.0,8.0,-48.0,-64.0,0.0,-64.0,0.0,8.0,3,0
p,3,0.0,-32.0,8.0,0.0,-32.0,24.0,0.0,-28.0,24.0,8.0,-32.0,24.0,-32.0,24.0,-28.0,3,0
p,3,0.0,-28.0,24.0,0.0,-28.0,8.0,0.0,-32.0,8.0,24.0,-28.0,8.0,-28.0,8.0,-32.0,3,0
p,3,0.0,-32.0,24.0,-32.0,-32.0,24.0,-32.0,-28.0,24.0,15.0,-32.0,47.0,-32.0,47.0,-28.0,3,0
p,3,-32.0,-28.0,24.0,0.0,-28.0,24.0,0.0,-32.0,24.0,47.0,-28.0,15.0,-28.0,15.0,-32.0,3,0
p,3,-32.0,-28.0,60.0,-32.0,-32.0,72.0,-32.0,-32.0,24.0,-45.0,-28.0,-57.0,-32.0,-9.0,-32.0,3,0
p,3,-32.0,-32.0,24.0,-32.0,-28.0,24.0,-32.0,-28.0,60.0,-9.0,-32.0,-9.0,-28.0,-45.0,-28.0,3,0
p,2,160.0,-24.0,-176.0,176.0,-24.0,-160.0,176.0,-8.0,-160.0,160.0,-24.0,176.0,-24.0,176.0,-8.0,2,0
p,2,176.0,-8.0,-160.0,160.0,-8.0,-176.0,160.0,-24.0,-176.0,176.0,-8.0,160.0,-8.0,160.0,-24.0,2,0
p,2,160.0,-24.0,-176.0,160.0,-8.0,-176.0,162.0,-8.0,-178.0,-145.0,-24.0,-145.0,-8.0,-147.0,-8.0,2,0
p,2,162.0,-8.0,-178.0,162.0,-24.0,-178.0,160.0,-24.0,-176.0,-147.0,-8.0,-147.0,-24.0,-145.0,-24.0,2,0
p,2,176.0,-24.0,-160.0,178.0,-24.0,-162.0,178.0,-8.0,-162.0,176.0,-24.0,178.0,-24.0,178.0,-8.0,2,0
p,2,178.0,-8.0,-162.0,176.0,-8.0,-160.0,176.0,-24.0,-160.0,178.0,-8.0,176.0,-8.0,176.0,-24.0,2,0
p,2,178.0,-24.0,-162.0,162.0,-24.0,-178.0,162.0,-8.0,-178.0,-163.0,-24.0,-147.0,-24.0,-147.0,-8.0,2,0
p,2,162.0,-8.0,-178.0,178.0,-8.0,-162.0,178.0,-24.0,-162.0,-147.0,-8.0,-163.0,-8.0,-163.0,-24.0,2,0
p,10,178.0,-12.0,-138.0,146.0,-12.0,-138.0,154.0,-12.0,-146.0,178.0,-138.0,146.0,-138.0,154.0,-146.0,10,0
p,10,154.0,-12.0,-146.0,178.0,-12.0,-146.0,178.0,-12.0,-138.0,154.0,-146.0,178.0,-146.0,178.0,-138.0,10,0
p,10,146.0,-12.0,-138.0,130.0,-12.0,-154.0,138.0,-12.0,-162.0,146.0,-138.0,130.0,-154.0,138.0,-162.0,10,0
p,10,138.0,-12.0,-162.0,154.0,-12.0,-146.0,146.0,-12.0,-138.0,138.0,-162.0,154.0,-146.0,146.0,-138.0,10,0
p,10,146.0,-16.0,-138.0,178.0,-16.0,-138.0,178.0,-8.0,-138.0,146.0,-16.0,178.0,-16.0,178.0,-8.0,10,0
p,10,178.0,-8.0,-138.0,146.0,-8.0,-138.0,146.0,-16.0,-138.0,178.0,-8.0,146.0,-8.0,146.0,-16.0,10,0
p,10,146.0,-16.0,-138.0,146.0,-8.0,-138.0,130.0,-8.0,-154.0,146.0,-16.0,146.0,-8.0,130.0,-8.0,10,0
p,10,130.0,-8.0,-154.0,130.0,-16.0,-154.0,146.0,-16.0,-138.0,130.0,-8.0,130.0,-16.0,146.0,-16.0,10,0
p,10,138.0,-12.0,-162.0,130.0,-12.0,-154.0,130.0,-8.0,-154.0,-123.0,-12.0,-115.0,-12.0,-115.0,-8.0,10,0
p,10,130.0,-8.0,-154.0,138.0,-8.0,-162.0,138.0,-12.0,-162.0,-115.0,-8.0,-123.0,-8.0,-123.0,-12.0,10,0
p,10,138.0,-12.0,-162.0,138.0,-8.0,-162.0,154.0,-8.0,-146.0,-123.0,-12.0,-123.0,-8.0,-139.0,-8.0,10,0
p,10,154.0,-8.0,-146.0,154.0,-12.0,-146.0,138.0,-12.0,-162.0,-139.0,-8.0,-139.0,-12.0,-123.0,-12.0,10,0
p,10,154.0,-12.0,-146.0,154.0,-8.0,-146.0,178.0,-8.0,-146.0,-139.0,-12.0,-139.0,-8.0,-163.0,-8.0,10,0
p,10,178.0,-8.0,-146.0,178.0,-12.0,-146.0,154.0,-12.0,-146.0,-163.0,-8.0,-163.0,-12.0,-139.0,-12.0,10,0
p,10,178.0,-12.0,-146.0,178.0,-8.0,-146.0,178.0,-8.0,-138.0,161.0,-12.0,161.0,-8.0,153.0,-8.0,10,0
p,10,178.0,-8.0,-138.0,178.0,-12.0,-138.0,178.0,-12.0,-146.0,153.0,-8.0,153.0,-12.0,161.0,-12.0,10,0
p,13,-8.0,-16.0,224.0,-8.0,-8.0,224.0,-32.0,-8.0,224.0,-8.0,-16.0,-8.0,-8.0,-32.0,-8.0,13,0
p,13,-32.0,-8.0,224.0,-32.0,-16.0,224.0,-8.0,-16.0,224.0,-32.0,-8.0,-32.0,-16.0,-8.0,-16.0,13,0
p,13,8.0,-16.0,224.0,32.0,-16.0,224.0,32.0,-8.0,224.0,8.0,-16.0,32.0,-16.0,32.0,-8.0,13,0
p,13,32.0,-8.0,224.0,8.0,-8.0,224.0,8.0,-16.0,224.0,32.0,-8.0,8.0,-8.0,8.0,-16.0,13,0
p,13,32.0,-16.0,224.0,32.0,-16.0,192.0,32.0,-8.0,192.0,-209.0,-16.0,-177.0,-16.0,-177.0,-8.0,13,0
p,13,32.0,-8.0,192.0,32.0,-8.0,224.0,32.0,-16.0,224.0,-177.0,-8.0,-209.0,-8.0,-209.0,-16.0,13,0
p,13,-32.0,-16.0,224.0,-32.0,-16.0,192.0,-32.0,-8.0,192.0,-209.0,-16.0,-177.0,-16.0,-177.0,-8.0,13,0
p,13,-32.0,-8.0,192.0,-32.0,-8.0,224.0,-32.0,-16.0,224.0,-177.0,-8.0,-209.0,-8.0,-209.0,-16.0,13,0
p,13,-12.0,-32.0,224.0,-8.0,-32.0,224.0,-8.0,-16.0,224.0,-12.0,-32.0,-8.0,-32.0,-8.0,-16.0,13,0
p,13,-8.0,-16.0,224.0,-12.0,-16.0,224.0,-12.0,-32.0,224.0,-8.0,-16.0,-12.0,-16.0,-12.0,-32.0,13,0
p,13,8.0,-32.0,224.0,12.0,-32.0,224.0,12.0,-16.0,224.0,8.0,-32.0,12.0,-32.0,12.0,-16.0,13,0
p,13,12.0,-16.0,224.0,8.0,-16.0,224.0,8.0,-32.0,224.0,12.0,-16.0,8.0,-16.0,8.0,-32.0,13,0
p,13,-32.0,-32.0,192.0,32.0,-32.0,192.0,32.0,-32.0,224.0,-32.0,192.0,32.0,192.0,32.0,224.0,13,0
p,13,32.0,-32.0,224.0,-32.0,-32.0,224.0,-32.0,-32.0,192.0,32.0,224.0,-32.0,224.0,-32.0,192.0,13,0
p,13,-32.0,-32.0,224.0,-28.0,-32.0,224.0,-28.0,-16.0,224.0,-32.0,-32.0,-28.0,-32.0,-28.0,-16.0,13,0
p,13,-28.0,-16.0,224.0,-32.0,-16.0,224.0,-32.0,-32.0,224.0,-28.0,-16.0,-32.0,-16.0,-32.0,-32.0,13,0
p,13,28.0,-32.0,224.0,32.0,-32.0,224.0,32.0,-16.0,224.0,28.0,-32.0,32.0,-32.0,32.0,-16.0,13,0
p,13,32.0,-16.0,224.0,28.0,-16.0,224.0,28.0,-32.0,224.0,32.0,-16.0,28.0,-16.0,28.0,-32.0,13,0
p,8,-136.0,-40.0,192.0,-104.0,-40.0,192.0,-104.0,-24.0,192.0,-136.0,-40.0,-104.0,-40.0,-104.0,-24.0,8,0
p,8,-104.0,-24.0,192.0,-136.0,-24.0,192.0,-136.0,-40.0,192.0,-104.0,-24.0,-136.0,-24.0,-136.0,-40.0,8,0
p,8,-136.0,-56.0,192.0,-104.0,-56.0,192.0,-104.0,-48.0,192.0,-136.0,-56.0,-104.0,-56.0,-104.0,-48.0,8,0
p,8,-104.0,-48.0,192.0,-136.0,-48.0,192.0,-136.0,-56.0,192.0,-104.0,-48.0,-136.0,-48.0,-136.0,-56.0,8,0
p,8,104.0,-40.0,192.0,136.0,-40.0,192.0,136.0,-24.0,192.0,104.0,-40.0,136.0,-40.0,136.0,-24.0,8,0
p,8,136.0,-24.0,192.0,104.0,-24.0,192.0,104.0,-40.0,192.0,136.0,-24.0,104.0,-24.0,104.0,-40.0,8,0
p,8,104.0,-56.0,192.0,136.0,-56.0,192.0,136.0,-48.0,192.0,104.0,-56.0,136.0,-56.0,136.0,-48.0,8,0
p,8,136.0,-48.0,192.0,104.0,-48.0,192.0,104.0,-56.0,192.0,136.0,-48.0,104.0,-48.0,104.0,-56.0,8,0
p,8,136.0,-56.0,192.0,192.0,-56.0,192.0,192.0,-8.0,192.0,136.0,-56.0,192.0,-56.0,192.0,-8.0,8,0
p,8,192.0,-8.0,192.0,136.0,-8.0,192.0,136.0,-56.0,192.0,192.0,-8.0,136.0,-8.0,136.0,-56.0,8,0
p,8,104.0,-56.0,192.0,104.0,-8.0,192.0,32.0,-8.0,192.0,104.0,-56.0,104.0,-8.0,32.0,-8.0,8,0
p,8,32.0,-8.0,192.0,32.0,-56.0,192.0,104.0,-56.0,192.0,32.0,-8.0,32.0,-56.0,104.0,-56.0,8,0
p,8,32.0,-56.0,192.0,32.0,-32.0,192.0,-32.0,-32.0,192.0,32.0,-56.0,32.0,-32.0,-32.0,-32.0,8,0
p,8,-32.0,-32.0,192.0,-32.0,-56.0,192.0,32.0,-56.0,192.0,-32.0,-32.0,-32.0,-56.0,32.0,-56.0,8,0
p,8,-32.0,-56.0,192.0,-32.0,-8.0,192.0,-104.0,-8.0,192.0,-32.0,-56.0,-32.0,-8.0,-104.0,-8.0,8,0
p,8,-104.0,-8.0,192.0,-104.0,-56.0,192.0,-32.0,-56.0,192.0,-104.0,-8.0,-104.0,-56.0,-32.0,-56.0,8,0
p,8,-136.0,-56.0,192.0,-136.0,-8.0,192.0,-192.0,-8.0,192.0,-136.0,-56.0,-136.0,-8.0,-192.0,-8.0,8,0
p,8,-192.0,-8.0,192.0,-192.0,-56.0,192.0,-136.0,-56.0,192.0,-192.0,-8.0,-192.0,-56.0,-136.0,-56.0,8,0
p,8,192.0,-8.0,120.0,192.0,-16.0,120.0,192.0,-16.0,88.0,-105.0,-8.0,-105.0,-16.0,-73.0,-16.0,8,0
p,8,192.0,-8.0,120.0,192.0,-16.0,88.0,192.0,-8.0,88.0,-105.0,-8.0,-73.0,-16.0,-73.0,-8.0,8,0
p,8,192.0,-40.0,120.0,192.0,-40.0,88.0,192.0,-24.0,88.0,-105.0,-40.0,-73.0,-40.0,-73.0,-24.0,8,0
p,8,192.0,-24.0,88.0,192.0,-24.0,120.0,192.0,-40.0,120.0,-73.0,-24.0,-105.0,-24.0,-105.0,-40.0,8,0
p,8,192.0,-56.0,120.0,192.0,-56.0,88.0,192.0,-48.0,88.0,-105.0,-56.0,-73.0,-56.0,-73.0,-48.0,8,0
p,8,192.0,-48.0,88.0,192.0,-48.0,120.0,192.0,-56.0,120.0,-73.0,-48.0,-105.0,-48.0,-105.0,-56.0,8,0
p,8,192.0,-56.0,88.0,192.0,-56.0,-192.0,192.0,-8.0,-192.0,-73.0,-56.0,207.0,-56.0,207.0,-8.0,8,0
p,8,192.0,-8.0,-192.0,192.0,-8.0,88.0,192.0,-56.0,88.0,207.0,-8.0,-73.0,-8.0,-73.0,-56.0,8,0
p,8,192.0,-56.0,120.0,192.0,-8.0,120.0,192.0,-8.0,192.0,-105.0,-56.0,-105.0,-8.0,-177.0,-8.0,8,0
p,8,192.0,-8.0,192.0,192.0,-56.0,192.0,192.0,-56.0,120.0,-177.0,-8.0,-177.0,-56.0,-105.0,-56.0,8,0
p,8,192.0,-56.0,-192.0,136.0,-56.0,-192.0,136.0,-8.0,-192.0,-177.0,-56.0,-121.0,-56.0,-121.0,-8.0,8,0
p,8,136.0,-8.0,-192.0,192.0,-8.0,-192.0,192.0,-56.0,-192.0,-121.0,-8.0,-177.0,-8.0,-177.0,-56.0,8,0
p,8,136.0,-56.0,-192.0,104.0,-56.0,-192.0,104.0,-48.0,-192.0,-121.0,-56.0,-89.0,-56.0,-89.0,-48.0,8,0
p,8,104.0,-48.0,-192.0,136.0,-48.0,-192.0,136.0,-56.0,-192.0,-89.0,-48.0,-121.0,-48.0,-121.0,-56.0,8,0
p,8,136.0,-40.0,-192.0,104.0,-40.0,-192.0,104.0,-24.0,-192.0,-121.0,-40.0,-89.0,-40.0,-89.0,-24.0,8,0
p,8,104.0,-24.0,-192.0,136.0,-24.0,-192.0,136.0,-40.0,-192.0,-89.0,-24.0,-121.0,-24.0,-121.0,-40.0,8,0
p,8,104.0,-56.0,-192.0,-56.0,-56.0,-192.0,-56.0,-8.0,-192.0,-89.0,-56.0,71.0,-56.0,71.0,-8.0,8,0
p,8,-56.0,-8.0,-192.0,104.0,-8.0,-192.0,104.0,-56.0,-192.0,71.0,-8.0,-89.0,-8.0,-89.0,-56.0,8,0
p,8,-56.0,-56.0,-192.0,-88.0,-56.0,-192.0,-88.0,-48.0,-192.0,71.0,-56.0,103.0,-56.0,103.0,-48.0,8,0
p,8,-88.0,-48.0,-192.0,-56.0,-48.0,-192.0,-56.0,-56.0,-192.0,103.0,-48.0,71.0,-48.0,71.0,-56.0,8,0
p,8,-56.0,-40.0,-192.0,-88.0,-40.0,-192.0,-88.0,-24.0,-192.0,71.0,-40.0,103.0,-40.0,103.0,-24.0,8,0
p,8,-88.0,-24.0,-192.0,-56.0,-24.0,-192.0,-56.0,-40.0,-192.0,103.0,-24.0,71.0,-24.0,71.0,-40.0,8,0
p,8,-88.0,-56.0,-192.0,-192.0,-56.0,-192.0,-192.0,-8.0,-192.0,103.0,-56.0,207.0,-56.0,207.0,-8.0,8,0
p,8,-192.0,-8.0,-192.0,-88.0,-8.0,-192.0,-88.0,-56.0,-192.0,207.0,-8.0,103.0,-8.0,103.0,-56.0,8,0
p,8,-192.0,-32.0,-64.0,-192.0,-32.0,-36.0,-192.0,-8.0,-36.0,-64.0,-32.0,-36.0,-32.0,-36.0,-8.0,8,0
p,8,-192.0,-8.0,-36.0,-192.0,-8.0,-64.0,-192.0,-32.0,-64.0,-36.0,-8.0,-64.0,-8.0,-64.0,-32.0,8,0
p,8,-192.0,-32.0,-20.0,-192.0,-32.0,8.0,-192.0,-8.0,8.0,-20.0,-32.0,8.0,-32.0,8.0,-8.0,8,0
p,8,-192.0,-8.0,8.0,-192.0,-8.0,-20.0,-192.0,-32.0,-20.0,8.0,-8.0,-20.0,-8.0,-20.0,-32.0,8,0
p,3,-192.0,-8.0,-60.0,-192.0,-8.0,4.0,-216.0,-8.0,4.0,-192.0,-60.0,-192.0,4.0,-216.0,4.0,3,0
p,3,-216.0,-8.0,4.0,-216.0,-8.0,-60.0,-192.0,-8.0,-60.0,-216.0,4.0,-216.0,-60.0,-192.0,-60.0,3,0
p,3,-216.0,-8.0,-36.0,-216.0,-8.0,-20.0,-232.0,0.0,-20.0,-216.0,-36.0,-216.0,-20.0,-232.0,-20.0,3,0
p,3,-232.0,0.0,-20.0,-232.0,0.0,-36.0,-216.0,-8.0,-36.0,-232.0,-20.0,-232.0,-36.0,-216.0,-36.0,3,0
p,3,-216.0,-8.0,-20.0,-216.0,-8.0,4.0,-216.0,0.0,4.0,-20.0,-8.0,4.0,-8.0,4.0,0.0,3,0
p,3,-216.0,0.0,4.0,-216.0,0.0,-20.0,-216.0,-8.0,-20.0,4.0,0.0,-20.0,0.0,-20.0,-8.0,3,0
p,3,-216.0,-8.0,-20.0,-216.0,0.0,-20.0,-232.0,0.0,-20.0,-216.0,-8.0,-216.0,0.0,-232.0,0.0,3,0
p,3,-216.0,-8.0,4.0,-192.0,-8.0,4.0,-192.0,0.0,4.0,-216.0,-8.0,-192.0,-8.0,-192.0,0.0,3,0
p,3,-192.0,0.0,4.0,-216.0,0.0,4.0,-216.0,-8.0,4.0,-192.0,0.0,-216.0,0.0,-216.0,-8.0,3,0
p,3,-216.0,-8.0,-60.0,-216.0,-8.0,-36.0,-216.0,0.0,-36.0,-60.0,-8.0,-36.0,-8.0,-36.0,0.0,3,0
p,3,-216.0,0.0,-36.0,-216.0,0.0,-60.0,-216.0,-8.0,-60.0,-36.0,0.0,-60.0,0.0,-60.0,-8.0,3,0
p,3,-216.0,-8.0,-36.0,-232.0,0.0,-36.0,-216.0,0.0,-36.0,231.0,-8.0,247.0,0.0,231.0,0.0,3,0
p,3,-216.0,-8.0,-60.0,-216.0,0.0,-60.0,-192.0,0.0,-60.0,231.0,-8.0,231.0,0.0,207.0,0.0,3,0
p,3,-192.0,0.0,-60.0,-192.0,-8.0,-60.0,-216.0,-8.0,-60.0,207.0,0.0,207.0,-8.0,231.0,-8.0,3,0
p,13,-216.0,-16.0,-60.0,-216.0,-16.0,-36.0,-216.0,-8.0,-36.0,-60.0,-16.0,-36.0,-16.0,-36.0,-8.0,13,0
p,13,-216.0,-8.0,-36.0,-216.0,-8.0,-60.0,-216.0,-16.0,-60.0,-36.0,-8.0,-60.0,-8.0,-60.0,-16.0,13,0
p,13,-216.0,-16.0,-20.0,-216.0,-16.0,4.0,-216.0,-8.0,4.0,-20.0,-16.0,4.0,-16.0,4.0,-8.0,13,0
p,13,-216.0,-8.0,4.0,-216.0,-8.0,-20.0,-216.0,-16.0,-20.0,4.0,-8.0,-20.0,-8.0,-20.0,-16.0,13,0
p,13,-216.0,-16.0,4.0,-192.0,-16.0,4.0,-192.0,-8.0,4.0,-216.0,-16.0,-192.0,-16.0,-192.0,-8.0,13,0
p,13,-192.0,-8.0,4.0,-216.0,-8.0,4.0,-216.0,-16.0,4.0,-192.0,-8.0,-216.0,-8.0,-216.0,-16.0,13,0
p,13,-216.0,-16.0,-60.0,-192.0,-16.0,-60.0,-192.0,-8.0,-60.0,-216.0,-16.0,-192.0,-16.0,-192.0,-8.0,13,0
p,13,-192.0,-8.0,-60.0,-216.0,-8.0,-60.0,-216.0,-16.0,-60.0,-192.0,-8.0,-216.0,-8.0,-216.0,-16.0,13,0
p,13,-216.0,-32.0,-60.0,-216.0,-32.0,-56.0,-216.0,-16.0,-56.0,-60.0,-32.0,-56.0,-32.0,-56.0,-16.0,13,0
p,13,-216.0,-16.0,-56.0,-216.0,-16.0,-60.0,-216.0,-32.0,-60.0,-56.0,-16.0,-60.0,-16.0,-60.0,-32.0,13,0
p,13,-216.0,-32.0,-40.0,-216.0,-32.0,-36.0,-216.0,-16.0,-36.0,-40.0,-32.0,-36.0,-32.0,-36.0,-16.0,13,0
p,13,-216.0,-16.0,-36.0,-216.0,-16.0,-40.0,-216.0,-32.0,-40.0,-36.0,-16.0,-40.0,-16.0,-40.0,-32.0,13,0
p,13,-216.0,-32.0,-20.0,-216.0,-32.0,-16.0,-216.0,-16.0,-16.0,-20.0,-32.0,-16.0,-32.0,-16.0,-16.0,13,0
p,13,-216.0,-16.0,-16.0,-216.0,-16.0,-20.0,-216.0,-32.0,-20.0,-16.0,-16.0,-20.0,-16.0,-20.0,-32.0,13,0
p,13,-216.0,-32.0,0.0,-216.0,-32.0,4.0,-216.0,-16.0,4.0,0.0,-32.0,4.0,-32.0,4.0,-16.0,13,0
p,13,-216.0,-16.0,4.0,-216.0,-16.0,0.0,-216.0,-32.0,0.0,4.0,-16.0,0.0,-16.0,0.0,-32.0,13,0
p,13,-192.0,-32.0,-60.0,-192.0,-32.0,4.0,-216.0,-32.0,4.0,-192.0,-60.0,-192.0,4.0,-216.0,4.0,13,0
p,13,-216.0,-32.0,4.0,-216.0,-32.0,-60.0,-192.0,-32.0,-60.0,-216.0,4.0,-216.0,-60.0,-192.0,-60.0,13,0
p,8,-192.0,-56.0,-192.0,-192.0,-56.0,-64.0,-192.0,-8.0,-64.0,-192.0,-56.0,-64.0,-56.0,-64.0,-8.0,8,0
p,8,-192.0,-8.0,-64.0,-192.0,-8.0,-192.0,-192.0,-56.0,-192.0,-64.0,-8.0,-192.0,-8.0,-192.0,-56.0,8,0
p,8,-192.0,-56.0,88.0,-192.0,-8.0,88.0,-192.0,-8.0,8.0,88.0,-56.0,88.0,-8.0,8.0,-8.0,8,0
p,8,-192.0,-8.0,8.0,-192.0,-56.0,8.0,-192.0,-56.0,88.0,8.0,-8.0,8.0,-56.0,88.0,-56.0,8,0
p,8,-192.0,-16.0,120.0,-192.0,-8.0,120.0,-192.0,-8.0,88.0,120.0,-16.0,120.0,-8.0,88.0,-8.0,8,0
p,8,-192.0,-8.0,88.0,-192.0,-16.0,88.0,-192.0,-16.0,120.0,88.0,-8.0,88.0,-16.0,120.0,-16.0,8,0
p,8,-192.0,-40.0,120.0,-192.0,-24.0,120.0,-192.0,-24.0,88.0,120.0,-40.0,120.0,-24.0,88.0,-24.0,8,0
p,8,-192.0,-24.0,88.0,-192.0,-40.0,88.0,-192.0,-40.0,120.0,88.0,-24.0,88.0,-40.0,120.0,-40.0,8,0
p,8,-192.0,-56.0,120.0,-192.0,-48.0,120.0,-192.0,-48.0,88.0,120.0,-56.0,120.0,-48.0,88.0,-48.0,8,0
p,8,-192.0,-48.0,88.0,-192.0,-56.0,88.0,-192.0,-56.0,120.0,88.0,-48.0,88.0,-56.0,120.0,-56.0,8,0
p,8,-192.0,-56.0,120.0,-192.0,-56.0,192.0,-192.0,-8.0,192.0,120.0,-56.0,192.0,-56.0,192.0,-8.0,8,0
p,8,-192.0,-8.0,192.0,-192.0,-8.0,120.0,-192.0,-56.0,120.0,192.0,-8.0,120.0,-8.0,120.0,-56.0,8,0
p,13,-48.0,-40.0,8.0,0.0,-40.0,8.0,0.0,-32.0,8.0,-48.0,-40.0,0.0,-40.0,0.0,-32.0,13,0
p,13,0.0,-32.0,8.0,-48.0,-32.0,8.0,-48.0,-40.0,8.0,0.0,-32.0,-48.0,-32.0,-48.0,-40.0,13,0
p,13,0.0,-40.0,8.0,0.0,-40.0,24.0,0.0,-32.0,24.0,8.0,-40.0,24.0,-40.0,24.0,-32.0,13,0
p,13,0.0,-32.0,24.0,0.0,-32.0,8.0,0.0,-40.0,8.0,24.0,-32.0,8.0,-32.0,8.0,-40.0,13,0
p,13,-32.0,-40.0,24.0,0.0,-40.0,24.0,0.0,-32.0,24.0,-32.0,-40.0,0.0,-40.0,0.0,-32.0,13,0
p,13,0.0,-32.0,24.0,-32.0,-32.0,24.0,-32.0,-40.0,24.0,0.0,-32.0,-32.0,-32.0,-32.0,-40.0,13,0
p,13,-32.0,-40.0,24.0,-32.0,-40.0,72.0,-32.0,-32.0,72.0,24.0,-40.0,72.0,-40.0,72.0,-32.0,13,0
p,13,-32.0,-32.0,24.0,-32.0,-40.0,24.0,-32.0,-32.0,72.0,24.0,-32.0,24.0,-40.0,72.0,-32.0,13,0
p,8,-48.0,-56.0,192.0,-48.0,-56.0,120.0,-48.0,-32.0,120.0,-177.0,-56.0,-105.0,-56.0,-105.0,-32.0,8,0
p,8,-48.0,-32.0,120.0,-48.0,-32.0,192.0,-48.0,-56.0,192.0,-105.0,-32.0,-177.0,-32.0,-177.0,-56.0,8,0
p,8,-48.0,-56.0,120.0,-48.0,-56.0,104.0,-48.0,-48.0,104.0,-105.0,-56.0,-89.0,-56.0,-89.0,-48.0,8,0
p,8,-48.0,-48.0,104.0,-48.0,-48.0,120.0,-48.0,-56.0,120.0,-89.0,-48.0,-105.0,-48.0,-105.0,-56.0,8,0
p,8,-48.0,-56.0,104.0,-48.0,-56.0,8.0,-48.0,-32.0,8.0,-89.0,-56.0,7.0,-56.0,7.0,-32.0,8,0
p,8,-48.0,-32.0,8.0,-48.0,-32.0,104.0,-48.0,-56.0,104.0,7.0,-32.0,-89.0,-32.0,-89.0,-56.0,8,0
p,8,-104.0,-56.0,8.0,-104.0,-32.0,8.0,-192.0,-32.0,8.0,-104.0,-56.0,-104.0,-32.0,-192.0,-32.0,8,0
p,8,-192.0,-32.0,8.0,-192.0,-56.0,8.0,-104.0,-56.0,8.0,-192.0,-32.0,-192.0,-56.0,-104.0,-56.0,8,0
p,8,-104.0,-56.0,8.0,-88.0,-56.0,8.0,-88.0,-48.0,8.0,-104.0,-56.0,-88.0,-56.0,-88.0,-48.0,8,0
p,8,-88.0,-48.0,8.0,-104.0,-48.0,8.0,-104.0,-56.0,8.0,-88.0,-48.0,-104.0,-48.0,-104.0,-56.0,8,0
p,8,-88.0,-56.0,8.0,-48.0,-56.0,8.0,-48.0,-32.0,8.0,-88.0,-56.0,-48.0,-56.0,-48.0,-32.0,8,0
p,8,-48.0,-32.0,8.0,-88.0,-32.0,8.0,-88.0,-56.0,8.0,-48.0,-32.0,-88.0,-32.0,-88.0,-56.0,8,0
p,8,48.0,-56.0,8.0,48.0,-56.0,104.0,48.0,-32.0,104.0,8.0,-56.0,104.0,-56.0,104.0,-32.0,8,0
p,8,48.0,-32.0,104.0,48.0,-32.0,8.0,48.0,-56.0,8.0,104.0,-32.0,8.0,-32.0,8.0,-56.0,8,0
p,8,48.0,-56.0,104.0,48.0,-56.0,120.0,48.0,-48.0,120.0,104.0,-56.0,120.0,-56.0,120.0,-48.0,8,0
p,8,48.0,-48.0,120.0,48.0,-48.0,104.0,48.0,-56.0,104.0,120.0,-48.0,104.0,-48.0,104.0,-56.0,8,0
p,8,48.0,-56.0,120.0,48.0,-56.0,192.0,48.0,-32.0,192.0,120.0,-56.0,192.0,-56.0,192.0,-32.0,8,0
p,8,48.0,-32.0,192.0,48.0,-32.0,120.0,48.0,-56.0,120.0,192.0,-32.0,120.0,-32.0,120.0,-56.0,8,0
p,8,48.0,-56.0,8.0,72.0,-56.0,8.0,72.0,-32.0,8.0,48.0,-56.0,72.0,-56.0,72.0,-32.0,8,0
p,8,72.0,-32.0,8.0,48.0,-32.0,8.0,48.0,-56.0,8.0,72.0,-32.0,48.0,-32.0,48.0,-56.0,8,0
p,8,72.0,-56.0,8.0,88.0,-56.0,8.0,88.0,-48.0,8.0,72.0,-56.0,88.0,-56.0,88.0,-48.0,8,0
p,8,88.0,-48.0,8.0,72.0,-48.0,8.0,72.0,-56.0,8.0,88.0,-48.0,72.0,-48.0,72.0,-56.0,8,0
p,8,88.0,-56.0,8.0,192.0,-56.0,8.0,192.0,-32.0,8.0,88.0,-56.0,192.0,-56.0,192.0,-32.0,8,0
p,8,192.0,-32.0,8.0,88.0,-32.0,8.0,88.0,-56.0,8.0,192.0,-32.0,88.0,-32.0,88.0,-56.0,8,0
p,8,-128.0,-56.0,-64.0,0.0,-56.0,-64.0,0.0,-32.0,-64.0,-128.0,-56.0,0.0,-56.0,0.0,-32.0,8,0
p,8,0.0,-32.0,-64.0,-128.0,-32.0,-64.0,-128.0,-56.0,-64.0,0.0,-32.0,-128.0,-32.0,-128.0,-56.0,8,0
p,8,0.0,-56.0,-64.0,0.0,-56.0,-192.0,0.0,-32.0,-192.0,79.0,-56.0,207.0,-56.0,207.0,-32.0,8,0
p,8,0.0,-32.0,-192.0,0.0,-32.0,-64.0,0.0,-56.0,-64.0,207.0,-32.0,79.0,-32.0,79.0,-56.0,8,0
p,8,112.0,-56.0,8.0,112.0,-56.0,-64.0,112.0,-32.0,-64.0,7.0,-56.0,79.0,-56.0,79.0,-32.0,8,0
p,8,112.0,-32.0,-64.0,112.0,-32.0,8.0,112.0,-56.0,8.0,79.0,-32.0,7.0,-32.0,7.0,-56.0,8,0
p,8,0.0,-56.0,-64.0,48.0,-56.0,-64.0,48.0,-32.0,-64.0,0.0,-56.0,48.0,-56.0,48.0,-32.0,8,0
p,8,48.0,-32.0,-64.0,0.0,-32.0,-64.0,0.0,-56.0,-64.0,48.0,-32.0,0.0,-32.0,0.0,-56.0,8,0
p,8,64.0,-56.0,-64.0,112.0,-56.0,-64.0,112.0,-32.0,-64.0,64.0,-56.0,112.0,-56.0,112.0,-32.0,8,0
p,8,112.0,-32.0,-64.0,64.0,-32.0,-64.0,64.0,-56.0,-64.0,112.0,-32.0,64.0,-32.0,64.0,-56.0,8,0
p,8,64.0,-56.0,-64.0,64.0,-48.0,-64.0,48.0,-48.0,-64.0,64.0,-56.0,64.0,-48.0,48.0,-48.0,8,0
p,8,48.0,-48.0,-64.0,48.0,-56.0,-64.0,64.0,-56.0,-64.0,48.0,-48.0,48.0,-56.0,64.0,-56.0,8,0
p,8,-128.0,-56.0,-64.0,-128.0,-32.0,-64.0,-128.0,-32.0,-96.0,-64.0,-56.0,-64.0,-32.0,-96.0,-32.0,8,0
p,8,-128.0,-32.0,-96.0,-128.0,-56.0,-96.0,-128.0,-56.0,-64.0,-96.0,-32.0,-96.0,-56.0,-64.0,-56.0,8,0
p,8,-128.0,-56.0,-96.0,-128.0,-48.0,-96.0,-128.0,-48.0,-112.0,-96.0,-56.0,-96.0,-48.0,-112.0,-48.0,8,0
p,8,-128.0,-48.0,-112.0,-128.0,-56.0,-112.0,-128.0,-56.0,-96.0,-112.0,-48.0,-112.0,-56.0,-96.0,-56.0,8,0
p,8,-128.0,-56.0,-112.0,-128.0,-32.0,-112.0,-128.0,-32.0,-192.0,-112.0,-56.0,-112.0,-32.0,-192.0,-32.0,8,0
p,8,-128.0,-32.0,-192.0,-128.0,-56.0,-192.0,-128.0,-56.0,-112.0,-192.0,-32.0,-192.0,-56.0,-112.0,-56.0,8,0
p,8,-48.0,-38.0,-184.0,-24.0,-38.0,-184.0,-24.0,-32.0,-184.0,-48.0,-38.0,-24.0,-38.0,-24.0,-32.0,8,0
p,8,-24.0,-32.0,-184.0,-48.0,-32.0,-184.0,-48.0,-38.0,-184.0,-24.0,-32.0,-48.0,-32.0,-48.0,-38.0,8,0
p,8,-24.0,-38.0,-184.0,-16.0,-38.0,-176.0,-16.0,-32.0,-176.0,-24.0,-38.0,-16.0,-38.0,-16.0,-32.0,8,0
p,8,-16.0,-32.0,-176.0,-24.0,-32.0,-184.0,-24.0,-38.0,-184.0,-16.0,-32.0,-24.0,-32.0,-24.0,-38.0,8,0
p,8,-16.0,-32.0,-176.0,-16.0,-38.0,-176.0,-24.0,-38.0,-168.0,31.0,-32.0,31.0,-38.0,39.0,-38.0,8,0
p,8,-24.0,-38.0,-168.0,-24.0,-32.0,-168.0,-16.0,-32.0,-176.0,39.0,-38.0,39.0,-32.0,31.0,-32.0,8,0
p,8,-48.0,-38.0,-168.0,-24.0,-38.0,-168.0,-24.0,-32.0,-168.0,-48.0,-38.0,-24.0,-38.0,-24.0,-32.0,8,0
p,8,-24.0,-32.0,-168.0,-48.0,-32.0,-168.0,-48.0,-38.0,-168.0,-24.0,-32.0,-48.0,-32.0,-48.0,-38.0,8,0
p,8,-56.0,-38.0,-176.0,-48.0,-38.0,-168.0,-48.0,-32.0,-168.0,-56.0,-38.0,-48.0,-38.0,-48.0,-32.0,8,0
p,8,-48.0,-32.0,-168.0,-56.0,-32.0,-176.0,-56.0,-38.0,-176.0,-48.0,-32.0,-56.0,-32.0,-56.0,-38.0,8,0
p,8,-56.0,-38.0,-176.0,-48.0,-38.0,-184.0,-48.0,-32.0,-184.0,-56.0,-38.0,-48.0,-38.0,-48.0,-32.0,8,0
p,8,-48.0,-32.0,-184.0,-56.0,-32.0,-176.0,-56.0,-38.0,-176.0,-48.0,-32.0,-56.0,-32.0,-56.0,-38.0,8,0
p,10,-56.0,-34.0,-176.0,-48.0,-34.0,-184.0,-24.0,-34.0,-184.0,-56.0,-176.0,-48.0,-184.0,-24.0,-184.0,10,0
p,10,-24.0,-34.0,-184.0,-16.0,-34.0,-176.0,-56.0,-34.0,-176.0,-24.0,-184.0,-16.0,-176.0,-56.0,-176.0,10,0
p,10,-56.0,-34.0,-176.0,-16.0,-34.0,-176.0,-24.0,-34.0,-168.0,-56.0,-176.0,-16.0,-176.0,-24.0,-168.0,10,0
p,10,-24.0,-34.0,-168.0,-48.0,-34.0,-168.0,-56.0,-34.0,-176.0,-24.0,-168.0,-48.0,-168.0,-56.0,-176.0,10,0
p,8,-192.0,-56.0,-24.0,-192.0,-56.0,8.0,-192.0,-32.0,8.0,-24.0,-56.0,8.0,-56.0,8.0,-32.0,8,0
p,8,-192.0,-32.0,8.0,-192.0,-32.0,-24.0,-192.0,-56.0,-24.0,8.0,-32.0,-24.0,-32.0,-24.0,-56.0,8,0
p,8,-192.0,-56.0,-24.0,-192.0,-48.0,-24.0,-192.0,-48.0,-40.0,-24.0,-56.0,-24.0,-48.0,-40.0,-48.0,8,0
p,8,-192.0,-48.0,-40.0,-192.0,-56.0,-40.0,-192.0,-56.0,-24.0,-40.0,-48.0,-40.0,-56.0,-24.0,-56.0,8,0
p,8,-192.0,-56.0,-40.0,-192.0,-32.0,-40.0,-192.0,-32.0,-64.0,-40.0,-56.0,-40.0,-32.0,-64.0,-32.0,8,0
p,8,-192.0,-32.0,-64.0,-192.0,-56.0,-64.0,-192.0,-56.0,-40.0,-64.0,-32.0,-64.0,-56.0,-40.0,-56.0,8,0
p,8,-192.0,-56.0,-192.0,192.0,-56.0,-192.0,192.0,-56.0,192.0,-192.0,-192.0,192.0,-192.0,192.0,192.0,8,0
p,8,192.0,-56.0,192.0,-192.0,-56.0,192.0,-192.0,-56.0,-192.0,192.0,192.0,-192.0,192.0,-192.0,-192.0,8,0
p,3,-176.0,-32.0,24.0,-176.0,-36.0,24.0,-176.0,-36.0,56.0,24.0,-32.0,24.0,-36.0,56.0,-36.0,3,0
p,3,-176.0,-36.0,56.0,-176.0,-32.0,56.0,-176.0,-32.0,24.0,56.0,-36.0,56.0,-32.0,24.0,-32.0,3,0
p,3,-176.0,-36.0,56.0,-160.0,-36.0,56.0,-160.0,-32.0,56.0,-176.0,-36.0,-160.0,-36.0,-160.0,-32.0,3,0
p,3,-160.0,-32.0,56.0,-176.0,-32.0,56.0,-176.0,-36.0,56.0,-160.0,-32.0,-176.0,-32.0,-176.0,-36.0,3,0
p,3,-160.0,-36.0,56.0,-160.0,-36.0,24.0,-160.0,-32.0,24.0,-41.0,-36.0,-9.0,-36.0,-9.0,-32.0,3,0
p,3,-160.0,-32.0,24.0,-160.0,-32.0,56.0,-160.0,-36.0,56.0,-9.0,-32.0,-41.0,-32.0,-41.0,-36.0,3,0
p,3,-160.0,-36.0,24.0,-176.0,-36.0,24.0,-176.0,-32.0,24.0,175.0,-36.0,191.0,-36.0,191.0,-32.0,3,0
p,3,-176.0,-32.0,24.0,-160.0,-36.0,24.0,-160.0,-32.0,24.0,-176.0,-32.0,-160.0,-36.0,-160.0,-32.0,3,0
p,8,-160.0,-36.0,24.0,-160.0,-36.0,32.0,-176.0,-36.0,32.0,-160.0,24.0,-160.0,32.0,-176.0,32.0,8,0
p,8,-176.0,-36.0,32.0,-176.0,-36.0,24.0,-160.0,-36.0,24.0,-176.0,32.0,-176.0,24.0,-160.0,24.0,8,0
p,10,-160.0,-36.0,32.0,-160.0,-36.0,56.0,-176.0,-36.0,56.0,-160.0,32.0,-160.0,56.0,-176.0,56.0,10,0
p,10,-176.0,-36.0,56.0,-176.0,-36.0,32.0,-160.0,-36.0,32.0,-176.0,56.0,-176.0,32.0,-160.0,32.0,10,0
p,5,-136.0,-52.0,8.0,-136.0,-52.0,16.0,-136.0,-32.0,16.0,8.0,-52.0,16.0,-52.0,16.0,-32.0,5,0
p,5,-136.0,-32.0,16.0,-136.0,-32.0,8.0,-136.0,-52.0,8.0,16.0,-32.0,8.0,-32.0,8.0,-52.0,5,0
p,5,-136.0,-52.0,16.0,-120.0,-52.0,16.0,-120.0,-32.0,16.0,-136.0,-52.0,-120.0,-52.0,-120.0,-32.0,5,0
p,5,-120.0,-32.0,16.0,-136.0,-32.0,16.0,-136.0,-52.0,16.0,-120.0,-32.0,-136.0,-32.0,-136.0,-52.0,5,0
p,5,-120.0,-52.0,16.0,-120.0,-52.0,8.0,-120.0,-32.0,8.0,-1.0,-52.0,7.0,-52.0,7.0,-32.0,5,0
p,5,-120.0,-32.0,8.0,-120.0,-32.0,16.0,-120.0,-52.0,16.0,7.0,-32.0,-1.0,-32.0,-1.0,-52.0,5,0
p,5,148.0,-16.0,64.0,180.0,-16.0,64.0,148.0,-16.0,144.0,148.0,64.0,180.0,64.0,148.0,144.0,5,0
p,5,180.0,-16.0,64.0,180.0,-16.0,144.0,148.0,-16.0,144.0,180.0,64.0,180.0,144.0,148.0,144.0,5,0
p,5,180.0,-16.0,144.0,180.0,-8.0,144.0,148.0,-8.0,144.0,180.0,-16.0,180.0,-8.0,148.0,-8.0,5,0
p,5,148.0,-8.0,144.0,148.0,-16.0,144.0,180.0,-16.0,144.0,148.0,-8.0,148.0,-16.0,180.0,-16.0,5,0
p,5,180.0,-16.0,144.0,180.0,-16.0,64.0,180.0,-8.0,64.0,-129.0,-16.0,-49.0,-16.0,-49.0,-8.0,5,0
p,5,180.0,-16.0,144.0,180.0,-8.0,64.0,180.0,-8.0,144.0,-129.0,-16.0,-49.0,-8.0,-129.0,-8.0,5,0
p,5,180.0,-16.0,64.0,148.0,-16.0,64.0,148.0,-8.0,64.0,-165.0,-16.0,-133.0,-16.0,-133.0,-8.0,5,0
p,5,148.0,-8.0,64.0,180.0,-8.0,64.0,180.0,-16.0,64.0,-133.0,-8.0,-165.0,-8.0,-165.0,-16.0,5,0
p,5,148.0,-16.0,64.0,148.0,-16.0,144.0,148.0,-8.0,144.0,64.0,-16.0,144.0,-16.0,144.0,-8.0,5,0
p,5,148.0,-8.0,144.0,148.0,-8.0,64.0,148.0,-16.0,64.0,144.0,-8.0,64.0,-8.0,64.0,-16.0,5,0
p,14,-216.0,-40.0,-80.0,-208.0,-36.0,-74.0,-208.0,0.0,-64.0,-216.0,-40.0,-208.0,-36.0,-208.0,0.0,14,0
p,14,-208.0,0.0,-64.0,-224.0,0.0,-80.0,-216.0,-40.0,-80.0,-208.0,0.0,-224.0,0.0,-216.0,-40.0,14,0
p,14,-216.0,-40.0,-80.0,-224.0,0.0,-80.0,-212.0,0.0,-84.0,231.0,-40.0,239.0,0.0,227.0,0.0,14,0
p,14,-212.0,0.0,-84.0,-206.0,-40.0,-88.0,-216.0,-40.0,-80.0,227.0,0.0,221.0,-40.0,231.0,-40.0,14,0
p,14,-208.0,-36.0,-74.0,-206.0,-40.0,-88.0,-212.0,0.0,-84.0,89.0,-36.0,103.0,-40.0,99.0,0.0,14,0
p,14,-212.0,0.0,-84.0,-208.0,0.0,-64.0,-208.0,-36.0,-74.0,99.0,0.0,79.0,0.0,89.0,-36.0,14,0
p,14,-206.0,-40.0,-88.0,-208.0,-36.0,-74.0,-216.0,-40.0,-80.0,-206.0,-88.0,-208.0,-74.0,-216.0,-80.0,14,0
p,14,-208.0,-36.0,-74.0,-216.0,-32.0,-56.0,-216.0,-40.0,-80.0,-208.0,-74.0,-216.0,-56.0,-216.0,-80.0,14,0
p,14,-206.0,-40.0,-88.0,-216.0,-40.0,-80.0,-208.0,-46.0,-98.0,-206.0,-88.0,-216.0,-80.0,-208.0,-98.0,14,0
p,14,-208.0,-46.0,-98.0,-192.0,-56.0,-128.0,-206.0,-40.0,-88.0,-208.0,-98.0,-192.0,-128.0,-206.0,-88.0,14,0
p,14,-208.0,-46.0,-98.0,-216.0,-40.0,-80.0,-216.0,-32.0,-80.0,-98.0,-46.0,-80.0,-40.0,-80.0,-32.0,14,0
p,14,-216.0,-32.0,-80.0,-208.0,-46.0,-98.0,-204.0,-42.0,-102.0,-216.0,-32.0,-208.0,-46.0,-204.0,-42.0,14,0
p,14,-192.0,-56.0,-128.0,-208.0,-46.0,-98.0,-204.0,-42.0,-102.0,207.0,-56.0,223.0,-46.0,219.0,-42.0,14,0
p,14,-216.0,-40.0,-80.0,-216.0,-32.0,-56.0,-208.0,-32.0,-74.0,-216.0,-80.0,-216.0,-56.0,-208.0,-74.0,14,0
p,14,-216.0,-32.0,-56.0,-208.0,-36.0,-74.0,-208.0,-32.0,-74.0,71.0,-32.0,89.0,-36.0,89.0,-32.0,14,0
p,14,-206.0,-40.0,-88.0,-192.0,-56.0,-128.0,-204.0,-42.0,-102.0,-206.0,-88.0,-192.0,-128.0,-204.0,-102.0,14,0
p,14,-212.0,-40.0,-84.0,-216.0,-40.0,-80.0,-232.0,-48.0,-92.0,-212.0,-84.0,-216.0,-80.0,-232.0,-92.0,14,0
p,8,-192.0,-32.0,-36.0,-192.0,-32.0,-20.0,-192.0,-24.0,-20.0,-36.0,-32.0,-20.0,-32.0,-20.0,-24.0,8,0
p,8,-192.0,-24.0,-20.0,-192.0,-24.0,-36.0,-192.0,-32.0,-36.0,-20.0,-24.0,-36.0,-24.0,-36.0,-32.0,8,0
p,12,88.0,-32.0,-192.0,88.0,-32.0,-240.0,88.0,0.0,-240.0,207.0,-32.0,255.0,-32.0,255.0,0.0,12,0
p,12,88.0,0.0,-240.0,88.0,0.0,-192.0,88.0,-32.0,-192.0,255.0,0.0,207.0,0.0,207.0,-32.0,12,0
p,12,88.0,-32.0,-240.0,56.0,-32.0,-240.0,56.0,-16.0,-240.0,-73.0,-32.0,-41.0,-32.0,-41.0,-16.0,12,0
p,12,56.0,-16.0,-240.0,88.0,-16.0,-240.0,88.0,-32.0,-240.0,-41.0,-16.0,-73.0,-16.0,-73.0,-32.0,12,0
p,12,88.0,-16.0,-240.0,72.0,-16.0,-240.0,72.0,0.0,-240.0,-73.0,-16.0,-57.0,-16.0,-57.0,0.0,12,0
p,12,72.0,0.0,-240.0,88.0,0.0,-240.0,88.0,-16.0,-240.0,-57.0,0.0,-73.0,0.0,-73.0,-16.0,12,0
p,12,56.0,-32.0,-240.0,24.0,-32.0,-240.0,24.0,0.0,-240.0,-41.0,-32.0,-9.0,-32.0,-9.0,0.0,12,0
p,12,24.0,0.0,-240.0,56.0,0.0,-240.0,56.0,-32.0,-240.0,-9.0,0.0,-41.0,0.0,-41.0,-32.0,12,0
p,12,24.0,-32.0,-240.0,24.0,0.0,-240.0,24.0,0.0,-192.0,255.0,-32.0,255.0,0.0,207.0,0.0,12,0
p,12,24.0,0.0,-192.0,24.0,-32.0,-192.0,24.0,-32.0,-240.0,207.0,0.0,207.0,-32.0,255.0,-32.0,12,0
p,12,72.0,0.0,-208.0,40.0,-16.0,-208.0,40.0,-16.0,-224.0,72.0,-208.0,40.0,-208.0,40.0,-224.0,12,0
p,12,40.0,-16.0,-224.0,72.0,0.0,-224.0,72.0,0.0,-208.0,40.0,-224.0,72.0,-224.0,72.0,-208.0,12,0
p,12,72.0,0.0,-224.0,40.0,-16.0,-224.0,40.0,0.0,-224.0,-57.0,0.0,-25.0,-16.0,-25.0,0.0,12,0
p,12,40.0,-16.0,-208.0,72.0,-32.0,-208.0,72.0,0.0,-208.0,40.0,-16.0,72.0,-32.0,72.0,0.0,12,0
p,12,72.0,-32.0,-208.0,72.0,-32.0,-192.0,40.0,-16.0,-192.0,72.0,-208.0,72.0,-192.0,40.0,-192.0,12,0
p,12,40.0,-16.0,-192.0,40.0,-16.0,-208.0,72.0,-32.0,-208.0,40.0,-192.0,40.0,-208.0,72.0,-208.0,12,0
p,13,88.0,-32.0,-192.0,88.0,-32.0,-208.0,96.0,-36.0,-208.0,88.0,-192.0,88.0,-208.0,96.0,-208.0,13,0
p,13,96.0,-36.0,-208.0,96.0,-36.0,-192.0,88.0,-32.0,-192.0,96.0,-208.0,96.0,-192.0,88.0,-192.0,13,0
p,13,96.0,-36.0,-192.0,96.0,-36.0,-208.0,120.0,-36.0,-208.0,96.0,-192.0,96.0,-208.0,120.0,-208.0,13,0
p,13,120.0,-36.0,-208.0,120.0,-36.0,-192.0,96.0,-36.0,-192.0,120.0,-208.0,120.0,-192.0,96.0,-192.0,13,0
p,12,88.0,-32.0,-192.0,72.0,-32.0,-192.0,72.0,-32.0,-240.0,88.0,-192.0,72.0,-192.0,72.0,-240.0,12,0
p,12,72.0,-32.0,-240.0,88.0,-32.0,-240.0,88.0,-32.0,-192.0,72.0,-240.0,88.0,-240.0,88.0,-192.0,12,0
p,12,72.0,-32.0,-224.0,24.0,-32.0,-224.0,24.0,-32.0,-240.0,72.0,-224.0,24.0,-224.0,24.0,-240.0,12,0
p,12,24.0,-32.0,-240.0,72.0,-32.0,-240.0,72.0,-32.0,-224.0,24.0,-240.0,72.0,-240.0,72.0,-224.0,12,0
p,12,72.0,-32.0,-208.0,64.0,-32.0,-208.0,64.0,-32.0,-224.0,72.0,-208.0,64.0,-208.0,64.0,-224.0,12,0
p,12,64.0,-32.0,-224.0,72.0,-32.0,-224.0,72.0,-32.0,-208.0,64.0,-224.0,72.0,-224.0,72.0,-208.0,12,0
p,12,64.0,-28.0,-208.0,64.0,-32.0,-208.0,72.0,-32.0,-208.0,64.0,-28.0,64.0,-32.0,72.0,-32.0,12,0
p,12,64.0,-32.0,-208.0,64.0,-28.0,-224.0,64.0,-32.0,-224.0,-208.0,-32.0,-224.0,-28.0,-224.0,-32.0,12,0
p,12,64.0,-28.0,-224.0,64.0,-32.0,-208.0,64.0,-28.0,-208.0,-224.0,-28.0,-208.0,-32.0,-208.0,-28.0,12,0
p,12,64.0,-32.0,-224.0,64.0,-28.0,-224.0,24.0,-28.0,-224.0,64.0,-32.0,64.0,-28.0,24.0,-28.0,12,0
p,12,24.0,-28.0,-224.0,24.0,-32.0,-224.0,64.0,-32.0,-224.0,24.0,-28.0,24.0,-32.0,64.0,-32.0,12,0
p,12,40.0,-16.0,-192.0,24.0,-16.0,-192.0,24.0,-16.0,-224.0,40.0,-192.0,24.0,-192.0,24.0,-224.0,12,0
p,12,24.0,-16.0,-224.0,40.0,-16.0,-224.0,40.0,-16.0,-192.0,24.0,-224.0,40.0,-224.0,40.0,-192.0,12,0
p,12,40.0,-16.0,-224.0,24.0,-16.0,-224.0,24.0,0.0,-224.0,-25.0,-16.0,-9.0,-16.0,-9.0,0.0,12,0
p,12,24.0,0.0,-224.0,40.0,0.0,-224.0,40.0,-16.0,-224.0,-9.0,0.0,-25.0,0.0,-25.0,-16.0,12,0
p,12,72.0,-32.0,-192.0,72.0,-32.0,-208.0,72.0,0.0,-208.0,207.0,-32.0,223.0,-32.0,223.0,0.0,12,0
p,12,72.0,0.0,-208.0,72.0,0.0,-192.0,72.0,-32.0,-192.0,223.0,0.0,207.0,0.0,207.0,-32.0,12,0
p,5,192.0,-36.0,84.0,192.0,-36.0,124.0,176.0,-36.0,124.0,192.0,84.0,192.0,124.0,176.0,124.0,5,0
p,5,176.0,-36.0,124.0,176.0,-36.0,84.0,192.0,-36.0,84.0,176.0,124.0,176.0,84.0,192.0,84.0,5,0
p,5,176.0,-36.0,124.0,176.0,-32.0,124.0,176.0,-32.0,84.0,124.0,-36.0,124.0,-32.0,84.0,-32.0,5,0
p,5,176.0,-32.0,84.0,176.0,-36.0,84.0,176.0,-36.0,124.0,84.0,-32.0,84.0,-36.0,124.0,-36.0,5,0
p,5,176.0,-36.0,124.0,192.0,-36.0,124.0,192.0,-32.0,124.0,176.0,-36.0,192.0,-36.0,192.0,-32.0,5,0
p,5,192.0,-32.0,124.0,176.0,-32.0,124.0,176.0,-36.0,124.0,192.0,-32.0,176.0,-32.0,176.0,-36.0,5,0
p,5,176.0,-36.0,84.0,176.0,-32.0,84.0,192.0,-32.0,84.0,-161.0,-36.0,-161.0,-32.0,-177.0,-32.0,5,0
p,5,192.0,-32.0,84.0,192.0,-36.0,84.0,176.0,-36.0,84.0,-177.0,-32.0,-177.0,-36.0,-161.0,-36.0,5,0
p,5,160.0,-48.0,144.0,144.0,-48.0,144.0,144.0,-32.0,144.0,-145.0,-48.0,-129.0,-48.0,-129.0,-32.0,5,0
p,5,144.0,-32.0,144.0,160.0,-32.0,144.0,160.0,-48.0,144.0,-129.0,-32.0,-145.0,-32.0,-145.0,-48.0,5,0
p,5,144.0,-48.0,144.0,144.0,-48.0,160.0,144.0,-32.0,160.0,144.0,-48.0,160.0,-48.0,160.0,-32.0,5,0
p,5,144.0,-32.0,160.0,144.0,-32.0,144.0,144.0,-48.0,144.0,160.0,-32.0,144.0,-32.0,144.0,-48.0,5,0
p,5,160.0,-48.0,144.0,160.0,-48.0,160.0,160.0,-32.0,160.0,144.0,-48.0,160.0,-48.0,160.0,-32.0,5,0
p,5,160.0,-32.0,160.0,160.0,-32.0,144.0,160.0,-48.0,144.0,160.0,-32.0,144.0,-32.0,144.0,-48.0,5,0
p,5,144.0,-48.0,160.0,160.0,-48.0,160.0,160.0,-32.0,160.0,144.0,-48.0,160.0,-48.0,160.0,-32.0,5,0
p,5,160.0,-32.0,160.0,144.0,-32.0,160.0,144.0,-48.0,160.0,160.0,-32.0,144.0,-32.0,144.0,-48.0,5,0
p,5,144.0,-48.0,144.0,160.0,-48.0,144.0,160.0,-48.0,160.0,144.0,144.0,160.0,144.0,160.0,160.0,5,0
p,5,160.0,-48.0,160.0,144.0,-48.0,160.0,144.0,-48.0,144.0,160.0,160.0,144.0,160.0,144.0,144.0,5,0
p,5,144.0,-40.0,144.0,128.0,-40.0,144.0,128.0,-40.0,128.0,144.0,144.0,128.0,144.0,128.0,128.0,5,0
p,5,128.0,-40.0,128.0,144.0,-40.0,128.0,144.0,-40.0,144.0,128.0,128.0,144.0,128.0,144.0,144.0,5,0
p,5,144.0,-40.0,128.0,128.0,-40.0,128.0,128.0,-32.0,128.0,-129.0,-40.0,-113.0,-40.0,-113.0,-32.0,5,0
p,5,128.0,-32.0,128.0,144.0,-32.0,128.0,144.0,-40.0,128.0,-113.0,-32.0,-129.0,-32.0,-129.0,-40.0,5,0
p,5,128.0,-40.0,128.0,128.0,-40.0,144.0,128.0,-32.0,144.0,128.0,-40.0,144.0,-40.0,144.0,-32.0,5,0
p,5,128.0,-32.0,144.0,128.0,-32.0,128.0,128.0,-40.0,128.0,144.0,-32.0,128.0,-32.0,128.0,-40.0,5,0
p,5,144.0,-40.0,128.0,144.0,-32.0,128.0,144.0,-32.0,144.0,-113.0,-40.0,-113.0,-32.0,-129.0,-32.0,5,0
p,5,144.0,-32.0,144.0,144.0,-40.0,144.0,144.0,-40.0,128.0,-129.0,-32.0,-129.0,-40.0,-113.0,-40.0,5,0
p,5,152.0,-36.0,144.0,144.0,-36.0,144.0,144.0,-36.0,128.0,152.0,144.0,144.0,144.0,144.0,128.0,5,0
p,5,144.0,-36.0,128.0,152.0,-36.0,128.0,152.0,-36.0,144.0,144.0,128.0,152.0,128.0,152.0,144.0,5,0
p,5,152.0,-36.0,144.0,152.0,-36.0,128.0,152.0,-32.0,128.0,-129.0,-36.0,-113.0,-36.0,-113.0,-32.0,5,0
p,5,152.0,-32.0,128.0,152.0,-32.0,144.0,152.0,-36.0,144.0,-113.0,-32.0,-129.0,-32.0,-129.0,-36.0,5,0
p,5,152.0,-36.0,128.0,144.0,-36.0,128.0,144.0,-32.0,128.0,-137.0,-36.0,-129.0,-36.0,-129.0,-32.0,5,0
p,5,144.0,-32.0,128.0,152.0,-32.0,128.0,152.0,-36.0,128.0,-129.0,-32.0,-137.0,-32.0,-137.0,-36.0,5,0
p,5,144.0,-36.0,144.0,144.0,-36.0,160.0,112.0,-36.0,160.0,144.0,144.0,144.0,160.0,112.0,160.0,5,0
p,5,112.0,-36.0,160.0,112.0,-36.0,144.0,144.0,-36.0,144.0,112.0,160.0,112.0,144.0,144.0,144.0,5,0
p,5,112.0,-36.0,144.0,112.0,-36.0,160.0,112.0,-32.0,160.0,144.0,-36.0,160.0,-36.0,160.0,-32.0,5,0
p,5,112.0,-32.0,160.0,112.0,-32.0,144.0,112.0,-36.0,144.0,160.0,-32.0,144.0,-32.0,144.0,-36.0,5,0
p,5,112.0,-36.0,160.0,144.0,-36.0,160.0,144.0,-32.0,160.0,112.0,-36.0,144.0,-36.0,144.0,-32.0,5,0
p,5,144.0,-32.0,160.0,112.0,-32.0,160.0,112.0,-36.0,160.0,144.0,-32.0,112.0,-32.0,112.0,-36.0,5,0
p,5,112.0,-36.0,144.0,112.0,-32.0,144.0,144.0,-32.0,144.0,-97.0,-36.0,-97.0,-32.0,-129.0,-32.0,5,0
p,5,144.0,-32.0,144.0,144.0,-36.0,144.0,112.0,-36.0,144.0,-129.0,-32.0,-129.0,-36.0,-97.0,-36.0,5,0
